ID,PREC_ID,ENR_DESC,COUNTY_NAM,OF_PREC_ID,COUNTY_ID,SHAPE_LENG,STEIN,ROBINSON,TOTAL,LGDEM,LGREP,LGTOTAL,NCAGDEM,NCAGREP,NCAGTOTAL,NCAUDDEM,NCAUDREP,NCAUDTOTAL,NCAGCOMDEM,NCAGCOMREP,NCAGCOMTOT,NCINSDEM,NCINSREP,NCINSTOTAL,NCLABCOMDE,NCLABCOMRE,NCLABCOMTO,NCSOSDEM,NCSOSREP,NCSOSTOTAL,NCSUPTDEM,NCSUPTREP,NCSUPTTOTA,NCTRSDEM,NCTRSREP,NCTRSTOTAL,PRESDEM,PRESREP,PRESTOTAL
"1","0003",ALBEMARLE NUMBER 3,STANLY,,"84",40731.35077860000,"911","720","1728","810","875","1736","842","897","1739","763","901","1664","689","988","1677","734","982","1716","717","987","1704","838","882","1720","836","885","1721","755","962","1717","778","961","1760"
"2","0003",DREXEL 03,BURKE,,"12",49918.84903950000,"263","604","910","218","679","913","237","679","916","181","698","879","182","715","897","184","719","903","192","718","910","220","684","904","219","687","906","193","713","906","191","736","934"
"22","0019",LINVILLE 01,BURKE,,"12",160866.95280900001,"205","287","522","175","334","529","190","341","531","159","342","501","150","357","507","161","363","524","160","357","517","178","350","528","173","348","521","160","361","521","171","363","539"
"23","0019",RIDENHOUR,STANLY,,"84",125698.77885100000,"316","1009","1410","236","1149","1419","260","1161","1421","213","1167","1380","167","1223","1390","184","1230","1414","189","1211","1400","245","1171","1416","262","1156","1418","205","1201","1406","205","1223","1439"
"71","007","007",MECKLENBURG,,"60",17915.43697250000,"1195","307","1604","1110","446","1612","1188","430","1618","1064","479","1543","1053","492","1545","1066","535","1601","1069","536","1605","1133","476","1609","1134","474","1608","1059","542","1601","1111","481","1619"
"72","007",MT. CARMEL METHODIST CHURCH,UNION,,"90",125576.59808200000,"1297","1693","3138","1194","1836","3136","1223","1914","3137","1126","1885","3011","1081","1934","3015","1116","1970","3086","1091","1997","3088","1193","1924","3117","1170","1927","3097","1093","1997","3090","1137","2023","3194"
"73","007",SHOCCO,WARREN,,"93",154360.16988700000,"363","183","565","365","189","569","376","193","569","363","195","558","350","206","556","365","206","571","364","204","568","385","181","566","370","196","566","371","198","569","352","209","570"
"74","0070",SALEM,BURKE,,"12",67955.45729640000,"698","1225","2006","575","1396","2012","613","1402","2015","538","1408","1946","495","1457","1952","511","1483","1994","530","1454","1984","619","1382","2001","611","1387","1998","554","1440","1994","539","1487","2040"
"75","008",WINGATE COMMUNITY CENTER,UNION,,"90",73702.48443250000,"846","526","1438","816","565","1425","832","594","1426","806","573","1379","771","608","1379","819","599","1418","796","617","1413","842","585","1427","837","581","1418","813","598","1411","823","642","1479"
"25","002",MONROE MIDDLE SCHOOL,UNION,,"90",39298.76067870000,"689","339","1074","657","390","1075","668","402","1070","654","386","1040","629","407","1036","645","413","1058","635","424","1059","670","396","1066","648","410","1058","654","410","1064","655","428","1094"
"5","001",RIVER,WARREN,,"93",128209.67046700000,"454","418","922","377","530","929","398","534","932","345","562","907","310","607","917","336","592","928","343","584","927","417","517","934","397","528","925","352","575","927","348","570","934"
"36","0025",FURR NUMBER 2,STANLY,,"84",151352.77029399999,"691","2154","3020","533","2387","3016","585","2449","3034","494","2390","2884","441","2478","2919","496","2490","2986","463","2512","2975","556","2444","3000","545","2439","2984","486","2491","2977","490","2548","3069"
"37","0026",TYSON,STANLY,,"84",171841.83099399999,"348","961","1376","286","1060","1376","304","1075","1379","259","1072","1331","225","1121","1346","251","1108","1359","238","1123","1361","291","1080","1371","285","1076","1361","260","1100","1360","244","1135","1387"
"83","01",YORK CHESTER,GASTON,,"36",18348.73258870000,"581","287","934","527","363","934","573","364","937","512","382","894","493","409","902","517","407","924","492","429","921","540","390","930","539","392","931","504","425","929","524","412","953"
"84","01",DANBURY,STOKES,,"85",216051.71604400000,"197","442","670","154","495","675","172","501","673","133","512","645","123","541","664","135","540","675","133","538","671","167","512","679","170","504","674","136","535","671","132","549","686"
"85","01",ALLENDALE,HOKE,,"47",139582.01260600000,"152","96","307","134","108","258","148","154","302","121","158","279","149","151","300","130","159","289","154","134","288","144","152","296","95","193","288","124","171","295","144","154","311"
"6","001","001",MECKLENBURG,,"60",27386.13625900000,"1022","291","1379","858","518","1393","933","470","1403","752","582","1334","726","632","1358","755","618","1373","737","642","1379","881","504","1385","874","508","1382","718","661","1379","857","535","1400"
"44","003","003",MECKLENBURG,,"60",26655.29358100000,"1126","116","1305","1124","135","1299","1151","153","1304","1140","140","1280","1118","148","1266","1149","152","1301","1133","175","1308","1142","160","1302","1135","166","1301","1142","161","1303","1088","177","1301"
"45","0031",MORGANTON 01,BURKE,,"12",69989.12363839999,"987","369","1427","929","439","1421","959","450","1409","893","447","1340","868","495","1363","897","508","1405","882","503","1385","954","458","1412","938","469","1407","908","495","1403","922","512","1460"
"7","001",BENTON HEIGHTS CHURCH OF GOD,UNION,,"90",47977.47328730000,"394","150","576","390","159","571","395","170","565","387","154","541","367","173","540","380","177","557","377","183","560","401","169","570","389","178","567","380","180","560","389","192","584"
"9","0011",ICARD 01,BURKE,,"12",89433.77583870002,"552","1621","2288","457","1756","2289","509","1780","2289","428","1787","2215","394","1828","2222","415","1855","2270","415","1841","2256","459","1815","2274","465","1799","2264","413","1854","2267","419","1890","2325"
"10","0011",ALBEMARLE NUMBER 11,STANLY,,"84",50539.36264690000,"378","643","1078","314","733","1078","341","742","1083","301","733","1034","274","777","1051","292","777","1069","293","774","1067","327","745","1072","324","740","1064","302","767","1069","293","794","1096"
"11","0012",ICARD 02,BURKE,,"12",149637.70333600001,"242","1200","1501","207","1271","1512","207","1303","1510","177","1285","1462","151","1320","1471","183","1314","1497","171","1319","1490","191","1313","1504","212","1283","1495","180","1316","1496","173","1349","1532"
"12","0013",ICARD 03,BURKE,,"12",94205.81906500000,"456","1605","2178","394","1771","2201","420","1776","2196","356","1793","2149","332","1813","2145","361","1826","2187","355","1820","2175","381","1812","2193","394","1792","2186","363","1816","2179","350","1865","2228"
"57","0048",QUAKER MEADOWS 02,BURKE,,"12",133068.94311500000,"799","781","1668","686","933","1664","711","955","1666","640","954","1594","610","1000","1610","641","1018","1659","628","1005","1633","720","938","1658","724","929","1653","641","1010","1651","672","1011","1691"
"495","07",SCHOOL OF THE ARTS,DURHAM,,"32",23238.89529140000,"1910","96","2062","1875","135","2050","1905","152","2057","1837","153","1990","1788","208","1996","1859","173","2032","1842","194","2036","1891","147","2038","1892","148","2040","1824","208","2032","1875","159","2064"
"496","07","07",WAYNE,,"96",126611.38328900000,"1486","1833","3454","1289","2072","3451","1347","2110","3457","1229","2111","3340","1150","2227","3377","1227","2199","3426","1214","2187","3401","1366","2070","3436","1315","2102","3417","1240","2180","3420","1247","2237","3510"
"14","0014",EAST ALBEMARLE,STANLY,,"84",126452.95557799999,"256","579","881","211","656","889","218","666","884","176","678","854","163","702","865","177","705","882","171","703","874","204","677","881","205","675","880","172","706","878","178","711","899"
"15","0014",ICARD 04,BURKE,,"12",91570.17523040000,"302","1171","1541","239","1262","1540","257","1284","1541","217","1279","1496","190","1309","1499","214","1320","1534","208","1322","1530","237","1295","1532","250","1284","1534","209","1323","1532","209","1339","1556"
"16","0015",ICARD 05,BURKE,,"12",70568.94142370000,"302","713","1066","256","784","1065","260","802","1062","233","791","1024","219","811","1030","240","818","1058","222","825","1047","250","812","1062","233","816","1049","241","815","1056","237","833","1078"
"17","0015",BADIN,STANLY,,"84",128951.10965600000,"458","496","1015","394","595","1011","407","608","1015","363","599","962","335","649","984","355","642","997","357","630","987","392","615","1007","380","616","996","368","628","996","381","650","1038"
"18","0016",PALMERVILLE,STANLY,,"84",153029.18923600001,"324","640","1015","285","712","1022","295","731","1026","272","711","983","243","744","987","264","752","1016","265","739","1004","287","731","1018","303","712","1015","260","755","1015","263","770","1038"
"19","0017",NEW LONDON,STANLY,,"84",125080.54891400000,"409","1149","1635","331","1273","1643","342","1309","1651","297","1279","1576","263","1341","1604","282","1341","1623","286","1331","1617","328","1302","1630","345","1275","1620","295","1326","1621","301","1351","1660"
"20","0018",JONAS RIDGE,BURKE,,"12",121720.96841300000,"157","239","418","147","260","421","157","261","418","134","267","401","126","283","409","134","276","410","135","275","410","146","265","411","141","265","406","136","269","405","139","282","427"
"497","07",POPLAR,MITCHELL,,"61",145837.99872400000,"19","97","119","18","98","117","17","99","116","14","98","112","15","99","114","17","99","116","18","98","116","18","99","117","17","93","110","17","98","115","16","112","129"
"21","0018",RICHFIELD,STANLY,,"84",118621.59022300001,"261","638","962","218","716","967","222","740","962","202","730","932","187","751","938","194","761","955","191","758","949","218","743","961","216","742","958","195","762","957","200","780","982"
"24","002",SIXPOUND,WARREN,,"93",158980.97950099999,"343","362","736","290","440","747","294","454","748","263","460","723","235","498","733","255","490","745","256","486","742","326","421","747","306","437","743","269","476","745","274","466","748"
"26","002","002",MECKLENBURG,,"60",31337.94720650000,"2117","390","2610","1943","623","2617","2052","572","2624","1816","696","2512","1775","755","2530","1827","761","2588","1788","803","2591","1940","663","2603","1935","659","2594","1775","816","2591","1915","658","2614"
"105",01-05,01-05,WAKE,,"92",14500.10593990000,"821","175","1049","630","416","1058","656","403","1059","521","492","1013","413","630","1043","525","511","1036","524","505","1029","673","375","1048","685","367","1052","529","508","1037","634","439","1080"
"28","0020",LINVILLE 02,BURKE,,"12",131485.66378300000,"423","379","831","361","451","828","373","458","831","323","450","773","314","481","795","327","489","816","320","492","812","354","461","815","367","455","822","316","498","814","357","474","841"
"29","0021",ENDY,STANLY,,"84",114827.26794000001,"205","905","1159","158","983","1161","166","1001","1167","131","1002","1133","117","1031","1148","130","1033","1163","138","1017","1155","167","995","1162","171","986","1157","134","1015","1149","141","1036","1183"
"30","0021",LOVELADY 01,BURKE,,"12",54729.87519380000,"380","676","1121","327","762","1122","346","775","1121","296","782","1078","280","800","1080","298","809","1107","296","798","1094","336","765","1101","342","764","1106","298","802","1100","297","835","1140"
"31","0022",BIG LICK NUMBER 1,STANLY,,"84",143398.66355400000,"434","1185","1681","347","1293","1680","379","1308","1687","332","1291","1623","280","1369","1649","309","1363","1672","300","1363","1663","354","1325","1679","363","1309","1672","313","1355","1668","331","1377","1715"
"32","0022",LOVELADY 02,BURKE,,"12",96259.43773219999,"457","1010","1547","376","1130","1541","401","1148","1549","345","1145","1490","326","1164","1490","342","1187","1529","335","1183","1518","398","1140","1538","416","1124","1540","350","1182","1532","348","1205","1568"
"33","0023",BIG LICK NUMBER 2,STANLY,,"84",198314.17320300001,"578","1971","2697","459","2162","2706","485","2227","2712","406","2181","2587","368","2259","2627","406","2269","2675","389","2284","2673","459","2233","2692","472","2217","2689","407","2269","2676","409","2327","2754"
"34","0024",FURR NUMBER 1,STANLY,,"84",115544.13175499999,"1026","2267","3502","824","2594","3527","900","2637","3537","747","2631","3378","689","2718","3407","737","2749","3486","708","2758","3466","804","2694","3498","825","2678","3503","719","2773","3492","760","2817","3602"
"35","0024",LOVELADY 04,BURKE,,"12",116919.11896199999,"703","1192","1989","589","1341","1977","619","1360","1979","545","1367","1912","498","1426","1924","537","1432","1969","517","1434","1951","619","1350","1969","630","1337","1967","547","1416","1963","536","1460","2015"
"38","0027",EAST CENTER,STANLY,,"84",112082.92511000000,"606","1314","2025","480","1514","2045","521","1527","2048","445","1524","1969","385","1616","2001","425","1598","2023","412","1592","2004","500","1528","2028","486","1536","2022","427","1597","2024","446","1620","2082"
"39","0028",WEST CENTER,STANLY,,"84",162792.39947400001,"399","651","1108","373","687","1096","392","700","1092","346","700","1046","329","739","1068","353","725","1078","340","730","1070","373","717","1090","373","712","1085","357","723","1080","338","768","1116"
"42","003",HAWTREE,WARREN,,"93",141491.49716400000,"453","232","706","422","266","703","435","269","704","419","269","688","404","287","691","419","280","699","413","283","696","443","258","701","428","277","705","427","273","700","407","289","704"
"43","003",ST. LUKES LUTHERAN CHURCH,UNION,,"90",45448.12476050000,"463","312","818","454","344","826","463","358","821","446","346","792","440","364","804","459","355","814","441","369","810","462","357","819","463","356","819","453","366","819","453","383","847"
"46","0034",MORGANTON 04,BURKE,,"12",46959.04048270000,"904","482","1451","808","606","1449","822","624","1446","746","636","1382","698","692","1390","739","680","1419","731","681","1412","822","611","1433","824","614","1438","757","676","1433","785","665","1467"
"110",01-09,01-09,WAKE,,"92",12038.23469240000,"975","116","1126","876","223","1123","892","233","1125","794","269","1063","712","389","1101","786","314","1100","795","301","1096","888","216","1104","918","197","1115","780","325","1105","879","236","1125"
"47","0035",MORGANTON 05,BURKE,,"12",39369.92089380000,"656","355","1055","582","430","1041","603","441","1044","555","447","1002","516","479","995","537","488","1025","538","479","1017","586","449","1035","583","450","1033","559","470","1029","572","493","1073"
"48","0036",MORGANTON 06,BURKE,,"12",83831.90646760000,"439","936","1448","363","1030","1433","386","1038","1424","347","1032","1379","328","1068","1396","327","1091","1418","313","1090","1403","378","1041","1419","399","1019","1418","345","1077","1422","322","1135","1469"
"49","0038",MORGANTON 08,BURKE,,"12",86648.62757550000,"722","842","1641","633","962","1640","665","973","1638","605","967","1572","588","1006","1594","608","1021","1629","606","1010","1616","660","972","1632","652","975","1627","614","1013","1627","614","1021","1652"
"50","0039",MORGANTON 09,BURKE,,"12",56732.00073980000,"746","576","1411","683","675","1414","710","705","1415","656","707","1363","622","741","1363","640","758","1398","640","747","1387","698","713","1411","714","693","1407","655","752","1407","661","745","1428"
"51","004","004",MECKLENBURG,,"60",37928.40539500000,"1177","290","1543","1151","342","1549","1184","357","1541","1139","346","1485","1114","367","1481","1154","379","1533","1130","398","1528","1166","366","1532","1144","378","1522","1132","397","1529","1117","394","1546"
"52","004",SMITH CREEK,WARREN,,"93",125739.98428500000,"353","223","593","331","250","590","349","245","594","328","253","581","319","267","586","328","263","591","334","258","592","368","225","593","342","252","594","340","250","590","325","265","595"
"53","004",SUTTON PARK RECREATION CENTER,UNION,,"90",76893.00245499999,"572","142","736","562","147","736","570","163","733","565","141","706","549","157","706","570","159","729","570","162","732","586","150","736","578","155","733","580","153","733","577","167","749"
"54","0040",MORGANTON 10,BURKE,,"12",85859.85300040002,"536","720","1338","461","832","1331","499","835","1334","444","825","1269","414","870","1284","432","885","1317","421","885","1306","485","843","1328","483","843","1326","435","878","1313","441","907","1361"
"55",0047-A,QUAKER MEADOWS  1-A,BURKE,,"12",109562.65460500000,"788","715","1549","725","795","1551","746","801","1547","686","812","1498","671","838","1509","682","858","1540","668","858","1526","738","813","1551","736","811","1547","688","851","1539","691","862","1571"
"727","12",MONUMENT OF FAITH CHURCH,DURHAM,,"32",13937.78063960000,"404","27","448","410","24","447","422","26","448","409","22","431","398","31","429","413","31","444","416","31","447","418","28","446","420","29","449","414","32","446","404","32","449"
"728","12",CARTOOGECHAYE,MACON,,"56",247190.59407399999,"703","879","1681","563","1081","1694","585","1104","1689","540","1091","1631","514","1136","1650","542","1124","1666","513","1156","1669","582","1103","1685","541","1128","1669","541","1134","1675","550","1175","1734"
"729","12",MOUNT OLIVE,STOKES,,"85",131160.15208000000,"439","1060","1595","312","1208","1579","355","1226","1581","276","1219","1495","217","1316","1533","265","1295","1560","251","1304","1555","326","1239","1565","343","1217","1560","263","1290","1553","261","1341","1618"
"56",0047-B,QUAKER MEADOWS  1-B,BURKE,,"12",70546.34383210000,"431","598","1072","391","647","1073","404","670","1074","375","662","1037","350","690","1040","366","691","1057","359","693","1052","405","659","1064","401","665","1066","382","679","1061","364","709","1083"
"58","005","005",MECKLENBURG,,"60",18855.07855330000,"803","141","986","775","176","977","796","184","980","758","191","949","751","202","953","773","208","981","758","217","975","781","199","980","779","195","974","769","211","980","765","204","990"
"65","006","006",MECKLENBURG,,"60",25975.51348910000,"1002","189","1257","985","225","1259","1026","228","1254","984","221","1205","983","230","1213","993","257","1250","984","266","1250","1005","248","1253","995","255","1250","981","270","1251","979","259","1267"
"60","005",NUTBUSH,WARREN,,"93",154196.41939100000,"658","203","877","651","215","876","666","215","881","652","215","867","622","238","860","651","232","883","637","239","876","675","206","881","661","214","875","649","226","875","638","228","883"
"61","0051",SILVER CREEK 01,BURKE,,"12",116723.70496900000,"1017","1462","2591","881","1660","2594","907","1687","2594","826","1670","2496","778","1735","2513","797","1768","2565","813","1731","2544","877","1698","2575","885","1677","2562","824","1744","2568","835","1771","2626"
"62","0052",SILVER CREEK 02,BURKE,,"12",152274.00769400000,"326","629","992","280","674","981","296","683","979","274","671","945","261","695","956","272","703","975","263","708","971","292","687","979","297","685","982","269","700","969","267","728","1008"
"64","006",SANDY CREEK,WARREN,,"93",148943.14246300000,"571","241","828","563","257","833","570","264","834","553","262","815","536","287","823","542","287","829","547","281","828","573","259","832","557","272","829","551","281","832","536","280","834"
"10088","704",PARKWAY UNITED CHURCH OF CHRIST,FORSYTH,,"34",20705.25014180000,"1200","240","1499","1117","337","1494","1160","338","1498","1060","365","1425","1006","442","1448","1080","391","1471","1060","411","1471","1135","352","1487","1142","344","1486","1060","415","1475","1130","372","1514"
"66","006",BENTON HEIGHTS PRESBYTERIAN CHURCH,UNION,,"90",85949.53986460000,"700","1149","1947","615","1271","1941","633","1305","1938","590","1285","1875","563","1340","1903","572","1341","1913","558","1355","1913","621","1305","1926","606","1303","1909","574","1338","1912","588","1374","1974"
"67","0062",UPPER CREEK,BURKE,,"12",210627.43911899999,"222","423","671","178","489","676","186","490","676","148","489","637","144","509","653","149","518","667","147","515","662","177","492","669","186","483","669","153","509","662","151","531","688"
"68","0064",UPPER FORK,BURKE,,"12",143232.91381699999,"209","422","660","165","479","661","182","482","664","153","478","631","152","494","646","157","497","654","160","484","644","170","484","654","166","486","652","159","488","647","153","512","670"
"70","0066",CHESTERFIELD,BURKE,,"12",162743.60589400001,"474","984","1535","407","1093","1539","427","1108","1535","381","1107","1488","370","1123","1493","379","1148","1527","385","1130","1515","412","1122","1534","408","1117","1525","386","1143","1529","377","1194","1578"
"76","008","008",MECKLENBURG,,"60",23927.61670590000,"1389","455","1962","1083","873","1993","1193","808","2001","900","994","1894","848","1086","1934","896","1068","1964","870","1101","1971","1095","888","1983","1134","844","1978","818","1149","1967","1111","853","1990"
"77","008",FISHING CREEK,WARREN,,"93",215540.84183300001,"702","113","826","699","125","832","707","123","830","689","131","820","667","152","819","692","142","834","677","151","828","711","122","833","693","142","835","699","135","834","664","145","823"
"80","009","009",MECKLENBURG,,"60",24910.83015980000,"2975","758","3947","2653","1156","3919","2812","1135","3947","2443","1284","3727","2384","1377","3761","2488","1380","3868","2412","1467","3879","2661","1243","3904","2683","1216","3899","2375","1503","3878","2682","1239","3976"
"81","01",BALD MOUNTAIN,WATAUGA,,"95",99998.74397490000,"211","214","451","198","246","457","195","255","450","180","258","438","178","265","443","186","266","452","179","268","447","194","253","447","189","263","452","179","271","450","191","266","458"
"78","009",BEAVER LANE VFD,UNION,,"90",63175.58971130000,"574","363","983","574","373","981","568","412","980","560","380","940","547","398","945","571","405","976","554","417","971","583","395","978","563","409","972","566","402","968","559","434","1001"
"79","009",JUDKINS,WARREN,,"93",185028.00630099999,"231","159","402","224","172","405","234","172","406","221","175","396","212","184","396","225","182","407","220","187","407","248","158","406","235","171","406","232","175","407","212","185","403"
"82","01",BROGDEN MIDDLE SCHOOL,DURHAM,,"32",19884.39247940000,"783","45","851","767","64","847","779","71","850","758","74","832","742","93","835","759","88","847","765","79","844","781","68","849","781","69","850","754","87","841","765","72","848"
"86","01",PATTERSON,ALAMANCE,,"1",151849.32292499999,"775","2069","2992","621","2276","2980","655","2335","2990","573","2321","2894","477","2473","2950","541","2436","2977","553","2404","2957","654","2318","2972","691","2271","2962","554","2415","2969","587","2431","3034"
"88","01","01",WAYNE,,"96",164573.45056400000,"613","1037","1739","518","1179","1746","538","1203","1741","497","1192","1689","443","1263","1706","488","1244","1732","480","1241","1721","586","1151","1737","560","1169","1729","505","1226","1731","506","1239","1770"
"89","01",BALLS CREEK,CATAWBA,,"18",145893.21582799999,"613","2173","2923","500","2318","2887","520","2283","2803","461","2362","2823","402","2399","2801","442","2449","2891","432","2425","2857","477","2396","2873","545","2343","2888","442","2412","2854","453","2488","2959"
"90","01",CHERRY LANE,ALLEGHANY,,"3",158761.49686499999,"408","617","1077","317","738","1085","342","743","1085","288","739","1027","236","814","1050","288","776","1064","271","787","1058","351","722","1073","339","735","1074","284","778","1062","288","801","1099"
"91","01",ALTAMONT,AVERY,,"6",117050.65691400001,"222","509","759","191","544","759","203","557","760","166","562","728","147","594","741","161","590","751","172","576","748","190","564","754","187","565","752","171","576","747","185","588","777"
"92","01",ALFORDSVILLE,ROBESON,,"78",162379.76859299999,"193","501","719","186","506","709","171","541","712","180","504","684","166","522","688","171","528","699","169","519","688","189","513","702","186","511","697","191","508","699","148","588","737"
"93","01",NORTH FRANKLIN,MACON,,"56",79954.71193180000,"820","995","1911","685","1143","1894","723","1168","1891","646","1163","1809","606","1223","1829","629","1232","1861","604","1253","1857","694","1184","1878","682","1189","1871","664","1195","1859","653","1251","1934"
"94","01",NORTH CALAHALN,DAVIE,,"30",141804.41120599999,"251","604","901","212","669","907","216","694","910","194","700","894","169","730","899","193","715","908","189","716","905","225","685","910","233","675","908","185","718","903","180","715","909"
"95","01",LOUISBURG CITY,FRANKLIN,,"35",75144.87082520002,"965","310","1316","904","389","1319","912","401","1313","874","390","1264","827","458","1285","867","447","1314","877","437","1314","943","375","1318","926","391","1317","881","432","1313","891","427","1329"
"96","01",ROCKINGHAM  1,RICHMOND,,"77",158558.51936599999,"1580","1071","2770","1561","1138","2773","1593","1193","2786","1525","1149","2674","1459","1232","2691","1514","1241","2755","1490","1225","2715","1599","1160","2759","1537","1216","2753","1528","1213","2741","1522","1301","2847"
"97","01",BARNHARDT MILL,ROWAN,,"80",86109.82874090000,"352","1034","1490","266","1167","1488","301","1191","1492","259","1186","1445","225","1227","1452","240","1239","1479","225","1241","1466","271","1211","1482","263","1210","1473","234","1239","1473","233","1267","1513"
"98","01",BAKERSVILLE,MITCHELL,,"61",110640.14061400000,"305","716","1050","257","755","1038","282","760","1042","248","750","998","212","796","1008","253","780","1033","232","788","1020","273","757","1030","282","749","1031","245","782","1027","244","814","1067"
"99",01-01,01-01,WAKE,,"92",16835.33117070000,"1444","185","1692","1330","322","1677","1362","318","1680","1252","357","1609","1192","443","1635","1269","385","1654","1250","404","1654","1339","327","1666","1358","306","1664","1236","420","1656","1328","352","1712"
"100",01-02,01-02,CABARRUS,,"13",119747.74155500000,"1211","1347","2703","1065","1576","2705","1134","1574","2708","979","1591","2570","938","1659","2597","995","1671","2666","957","1692","2649","1070","1607","2677","1070","1603","2673","981","1685","2666","1031","1685","2749"
"101",01-02,01-02,WAKE,,"92",24437.01541490000,"1364","202","1613","1237","339","1611","1278","335","1613","1159","380","1539","1027","555","1582","1150","433","1583","1151","427","1578","1271","327","1598","1287","309","1596","1143","435","1578","1245","360","1628"
"102",01-03,01-03,WAKE,,"92",21790.18671660000,"1520","352","1945","1219","716","1964","1248","713","1961","1059","841","1900","880","1053","1933","1051","880","1931","1019","898","1917","1306","645","1951","1309","634","1943","1009","913","1922","1182","771","1975"
"103",01-04,01-04,WAKE,,"92",17601.53064430000,"751","152","946","634","330","975","644","332","976","552","382","934","448","503","951","533","426","959","524","423","947","663","307","970","664","303","967","532","424","956","613","348","968"
"104",01-04,01-04,CABARRUS,,"13",65707.29851759999,"3135","1720","5145","2904","2095","5136","2987","2158","5145","2735","2172","4907","2635","2303","4938","2777","2292","5069","2650","2396","5046","2879","2223","5102","2920","2169","5089","2708","2367","5075","2838","2261","5220"
"734","12",HAYESVILLE,FRANKLIN,,"35",133901.63430400001,"467","608","1126","412","671","1111","432","680","1112","391","679","1070","373","732","1105","395","717","1112","397","710","1107","455","660","1115","411","699","1110","402","710","1112","386","727","1121"
"106",01-06,01-06,WAKE,,"92",19556.79348790000,"2105","270","2477","1944","465","2461","1974","493","2467","1810","530","2340","1696","702","2398","1830","586","2416","1826","579","2405","1988","436","2424","1979","462","2441","1796","618","2414","1935","501","2468"
"107",01-07,01-07,WAKE,,"92",16859.67403770000,"2103","365","2582","1921","563","2558","1988","573","2561","1800","624","2424","1708","749","2457","1818","706","2524","1808","713","2521","1942","602","2544","1950","583","2533","1766","756","2522","1900","658","2600"
"108",01-07,01-07,CABARRUS,,"13",55384.33331590000,"1141","1064","2330","996","1297","2346","1040","1313","2353","920","1315","2235","864","1381","2245","922","1385","2307","876","1431","2307","984","1335","2319","978","1342","2320","899","1424","2323","954","1393","2387"
"112",01-10,01-10,WAKE,,"92",17949.30017290000,"1166","191","1426","991","422","1436","1023","426","1449","817","558","1375","734","687","1421","819","593","1412","831","577","1408","1051","384","1435","1028","401","1429","839","572","1411","984","442","1444"
"109",01-08,01-08,CABARRUS,,"13",72225.45026760000,"2584","1513","4326","2437","1733","4296","2526","1781","4307","2333","1745","4078","2217","1887","4104","2357","1892","4249","2297","1926","4223","2439","1832","4271","2477","1798","4275","2317","1928","4245","2387","1911","4368"
"111",01-10,01-10,CABARRUS,,"13",82696.10779320000,"1456","986","2598","1312","1181","2576","1343","1231","2574","1219","1225","2444","1167","1297","2464","1220","1309","2529","1187","1320","2507","1298","1254","2552","1298","1244","2542","1212","1324","2536","1299","1288","2631"
"113",01-11,01-11,WAKE,,"92",34258.53821470000,"1749","555","2443","1308","1152","2494","1364","1134","2498","1091","1334","2425","868","1593","2461","1052","1415","2467","1048","1407","2455","1441","1040","2481","1448","1025","2473","1043","1414","2457","1281","1213","2512"
"114",01-11,01-11,CABARRUS,,"13",84028.54256180000,"2204","1488","3931","2007","1816","3930","2088","1851","3939","1880","1849","3729","1809","1969","3778","1916","1967","3883","1823","2036","3859","2021","1874","3895","2023","1873","3896","1881","2009","3890","1963","1957","4008"
"115",01-12,01-12,WAKE,,"92",29607.69208250000,"1324","294","1722","1157","524","1722","1186","544","1730","1044","597","1641","909","769","1678","1036","665","1701","1022","671","1693","1185","522","1707","1201","499","1700","1024","674","1698","1145","578","1739"
"116",01-13,01-13,WAKE,,"92",26232.81994930000,"1327","122","1495","1242","202","1480","1274","209","1483","1184","219","1403","1100","331","1431","1187","267","1454","1172","274","1446","1265","194","1459","1263","200","1463","1185","268","1453","1250","226","1499"
"121",01-17,01-17,WAKE,,"92",18649.29476890000,"658","247","962","531","422","968","560","405","965","469","451","920","400","534","934","461","487","948","466","478","944","552","403","955","576","378","954","457","492","949","535","438","986"
"117",01-14,01-14,WAKE,,"92",32188.75611460000,"2970","271","3349","2811","466","3330","2854","472","3326","2661","535","3196","2479","758","3237","2641","626","3267","2636","626","3262","2831","472","3303","2837","462","3299","2612","667","3279","2808","508","3361"
"171","012","012",MECKLENBURG,,"60",25831.62608200000,"1799","263","2163","1743","349","2155","1802","359","2161","1700","374","2074","1673","416","2089","1720","428","2148","1687","455","2142","1753","395","2148","1767","384","2151","1694","450","2144","1736","378","2154"
"118",01-15,01-15,WAKE,,"92",19471.34604900000,"1837","583","2571","1607","907","2574","1660","922","2582","1468","994","2462","1324","1166","2490","1444","1077","2521","1437","1066","2503","1643","903","2546","1651","883","2534","1457","1071","2528","1610","996","2631"
"119",01-16,01-16/01,SCOTLAND,,"83",138844.20464200000,"1295","438","1786","1309","446","1795","1302","485","1787","1292","436","1728","1258","476","1734","1312","474","1786","1285","476","1761","1320","468","1788","1312","468","1780","1314","466","1780","1303","517","1831"
"128",01-25,01-25,WAKE,,"92",14636.71750410000,"444","43","513","435","55","514","443","63","506","444","51","495","428","72","500","438","68","506","435","72","507","451","57","508","446","59","505","431","77","508","443","66","516"
"120",01-16,01-16,WAKE,,"92",47172.76687500000,"2104","423","2647","1903","708","2660","1964","694","2658","1764","800","2564","1542","1060","2602","1747","871","2618","1739","868","2607","1957","677","2634","1986","659","2645","1781","843","2624","1897","764","2696"
"122",01-18,01-18,WAKE,,"92",33916.82433050000,"1610","475","2204","1482","686","2213","1527","692","2219","1375","776","2151","1244","925","2169","1383","814","2197","1359","828","2187","1527","677","2204","1523","677","2200","1365","824","2189","1450","747","2232"
"123",01-19,01-19,WAKE,,"92",26622.72444720000,"1136","62","1232","1127","56","1227","1161","60","1221","1138","63","1201","1105","96","1201","1153","72","1225","1140","86","1226","1155","71","1226","1159","70","1229","1139","81","1220","1146","74","1239"
"323","04",SCHOOL OF SCIENCE AND MATH,DURHAM,,"32",24652.73808710000,"1321","57","1412","1301","100","1415","1313","104","1417","1256","119","1375","1243","151","1394","1267","133","1400","1265","135","1400","1314","92","1406","1305","99","1404","1261","143","1404","1281","105","1413"
"324","04",BRADSHAW,ROWAN,,"80",156271.70912700001,"905","2420","3531","707","2734","3540","763","2782","3545","599","2805","3404","504","2941","3445","591","2913","3504","581","2910","3491","710","2807","3517","744","2768","3512","593","2906","3499","628","2962","3608"
"325","04",BLUE RIDGE,WATAUGA,,"95",137141.66206400000,"1650","1169","2965","1476","1436","2983","1543","1428","2971","1356","1471","2827","1283","1591","2874","1344","1570","2914","1362","1543","2905","1481","1469","2950","1486","1443","2929","1358","1557","2915","1461","1518","3025"
"326","04",BROOKFORD,CATAWBA,,"18",56094.81957650000,"333","305","670","302","321","650","291","327","618","301","338","639","270","346","616","301","352","653","278","355","633","297","344","641","293","362","655","288","352","640","307","368","683"
"124",01-20,01-20,WAKE,,"92",35478.36676360001,"1879","133","2082","1798","200","2065","1842","216","2058","1756","209","1965","1671","311","1982","1772","266","2038","1760","276","2036","1828","210","2038","1848","192","2040","1752","278","2030","1809","232","2083"
"125",01-21,01-21,WAKE,,"92",53981.95273130000,"2759","513","3468","2589","757","3462","2662","799","3461","2508","781","3289","2305","1044","3349","2507","914","3421","2499","907","3406","2653","785","3438","2657","783","3440","2480","933","3413","2551","868","3494"
"328","04",IOTLA,MACON,,"56",114006.80335300000,"482","697","1234","408","786","1230","413","811","1224","372","800","1172","344","834","1178","362","838","1200","362","838","1200","409","800","1209","396","805","1201","361","833","1194","380","850","1246"
"329","04",ELK,ASHE,,"5",109907.32501900000,"183","193","395","167","210","390","167","223","390","161","213","374","133","244","377","151","228","379","157","227","384","166","224","390","161","223","384","154","232","386","157","236","396"
"330","04",CHESTNUT GROVE,STOKES,,"85",134920.66331000000,"458","1159","1717","345","1323","1719","392","1325","1717","305","1319","1624","250","1426","1676","302","1399","1701","299","1397","1696","365","1343","1708","392","1318","1710","306","1390","1696","315","1421","1742"
"126",01-22,01-22,WAKE,,"92",38391.28800580000,"2685","173","2931","2666","197","2925","2703","217","2920","2666","204","2870","2600","276","2876","2674","236","2910","2646","251","2897","2693","218","2911","2690","220","2910","2669","239","2908","2657","251","2945"
"127",01-23,01-23,WAKE,,"92",47229.04122160000,"3637","686","4560","3325","986","4451","3477","980","4457","3233","983","4216","3017","1254","4271","3257","1103","4360","3196","1162","4358","3371","1008","4379","3457","934","4391","3150","1214","4364","3432","1134","4639"
"129",01-26,01-26,WAKE,,"92",27067.02488050000,"1580","76","1708","1535","119","1700","1564","133","1697","1517","132","1649","1457","198","1655","1518","165","1683","1507","173","1680","1556","139","1695","1563","127","1690","1499","191","1690","1542","149","1713"
"141",01-38,01-38,WAKE,,"92",26802.37141370000,"1435","335","1865","1365","436","1861","1401","455","1856","1304","464","1768","1226","575","1801","1319","521","1840","1302","523","1825","1409","437","1846","1380","462","1842","1319","518","1837","1361","505","1898"
"130",01-27,01-27,WAKE,,"92",35351.28051420000,"1755","176","1992","1660","270","1972","1687","281","1968","1590","311","1901","1502","427","1929","1619","336","1955","1592","360","1952","1706","263","1969","1687","278","1965","1600","355","1955","1662","311","1997"
"131",01-28,01-28,WAKE,,"92",47672.66063290000,"2976","287","3376","2845","418","3358","2900","464","3364","2772","464","3236","2591","674","3265","2787","535","3322","2750","570","3320","2904","443","3347","2886","454","3340","2763","555","3318","2843","499","3393"
"132",01-29,01-29,WAKE,,"92",28704.10665230000,"1584","399","2086","1253","829","2121","1298","821","2119","1069","976","2045","851","1238","2089","1002","1088","2090","1038","1029","2067","1341","759","2100","1384","723","2107","1009","1075","2084","1243","862","2123"
"148",01-45,01-45,WAKE,,"92",20926.61061060000,"1067","332","1493","938","511","1488","984","502","1486","881","523","1404","801","650","1451","882","589","1471","889","575","1464","981","500","1481","978","499","1477","881","588","1469","935","545","1506"
"133",01-30,01-30,WAKE,,"92",20177.04027320000,"872","211","1149","743","392","1154","773","382","1155","626","460","1086","530","600","1130","626","493","1119","620","496","1116","760","383","1143","781","359","1140","626","503","1129","750","407","1170"
"154",01-51,01-51,WAKE,,"92",16540.22030050000,"681","208","947","580","339","939","625","318","943","547","358","905","477","446","923","537","393","930","532","391","923","608","327","935","620","311","931","535","390","925","579","358","948"
"155",01 BUR,BURNSVILLE,YANCEY,,"100",166460.26620700001,"1152","1174","2421","1038","1330","2427","1076","1354","2430","999","1327","2326","959","1388","2347","999","1390","2389","981","1393","2374","1051","1357","2408","1054","1345","2399","1016","1374","2390","975","1476","2474"
"134",01-31,01-31,WAKE,,"92",35451.69465390000,"1958","348","2482","1867","489","2462","1941","524","2465","1825","496","2321","1736","626","2362","1860","571","2431","1828","592","2420","1913","527","2440","1940","497","2437","1812","619","2431","1835","586","2512"
"135",01-32,01-32,WAKE,,"92",30305.78336110000,"1636","378","2136","1558","477","2125","1604","511","2115","1514","499","2013","1399","641","2040","1520","570","2090","1488","602","2090","1608","497","2105","1579","516","2095","1504","593","2097","1534","560","2157"
"157","010",ELLEN FITZGERALD SENIOR CENTER,UNION,,"90",29191.73600530000,"572","224","829","547","260","827","560","269","829","531","258","789","510","285","795","533","287","820","524","288","812","548","277","825","545","278","823","529","291","820","540","290","835"
"136",01-33,01-33,WAKE,,"92",28553.41730150000,"1310","291","1696","1162","503","1697","1199","506","1705","1032","593","1625","866","795","1661","1007","660","1667","1007","648","1655","1203","492","1695","1207","464","1671","1010","650","1660","1144","561","1724"
"137",01-34,01-34,WAKE,,"92",17832.88825680000,"1072","70","1177","1048","86","1167","1073","89","1162","1031","97","1128","1000","140","1140","1038","121","1159","1031","122","1153","1062","98","1160","1067","94","1161","1028","129","1157","1042","119","1172"
"158","010",WEST WARRENTON,WARREN,,"93",105671.31067799999,"908","232","1167","892","239","1165","914","253","1167","888","251","1139","879","269","1148","901","260","1161","903","256","1159","928","236","1164","914","251","1165","912","255","1167","870","265","1159"
"138",01-35,01-35,WAKE,,"92",37078.51303680001,"1465","80","1593","1429","101","1586","1469","116","1585","1447","109","1556","1393","152","1545","1459","123","1582","1447","137","1584","1480","113","1593","1469","117","1586","1444","138","1582","1471","127","1616"
"139",01-36,01-36,WAKE,,"92",25891.38016960000,"1602","540","2280","1300","959","2310","1348","964","2312","1125","1084","2209","981","1287","2268","1094","1165","2259","1097","1164","2261","1351","931","2282","1404","880","2284","1085","1184","2269","1284","1016","2334"
"140",01-37,01-37,WAKE,,"92",25859.31022480000,"1221","340","1657","1010","599","1649","1076","585","1661","923","651","1574","783","834","1617","910","710","1620","904","707","1611","1068","572","1640","1075","562","1637","902","722","1624","1022","642","1679"
"159","010","010",MECKLENBURG,,"60",18378.41859160000,"1796","412","2313","1564","687","2304","1700","621","2321","1414","785","2199","1380","835","2215","1419","862","2281","1362","917","2279","1563","727","2290","1599","692","2291","1354","922","2276","1588","695","2307"
"160","0101",TARBORO 1,EDGECOMBE,,"33",104819.35509700001,"1157","149","1340","1153","160","1344","1168","172","1340","1145","162","1307","1129","182","1311","1144","192","1336","1142","180","1322","1171","167","1338","1162","178","1340","1156","182","1338","1165","175","1350"
"161","0101",ARTHUR,PITT,,"74",178528.38012300001,"1836","1071","3016","1720","1187","3000","1762","1228","2990","1665","1205","2870","1605","1310","2915","1689","1293","2982","1657","1308","2965","1776","1215","2991","1784","1206","2990","1676","1302","2978","1683","1338","3048"
"162","0102",TARBORO 2,EDGECOMBE,,"33",90605.03600910000,"1428","685","2176","1372","775","2192","1390","811","2201","1328","809","2137","1255","895","2150","1301","891","2192","1309","864","2173","1424","775","2199","1393","805","2198","1332","860","2192","1338","875","2227"
"163","0103",TARBORO 3,EDGECOMBE,,"33",62098.02638000000,"902","696","1650","832","784","1653","844","811","1655","800","814","1614","743","886","1629","786","862","1648","788","849","1637","897","761","1658","847","802","1649","797","856","1653","793","880","1686"
"164","0104",TARBORO 4,EDGECOMBE,,"33",97968.61181210000,"1022","507","1593","945","600","1588","975","620","1595","921","627","1548","867","689","1556","905","678","1583","914","653","1567","1007","585","1592","978","604","1582","919","666","1585","928","671","1614"
"142",01-39,01-39,WAKE,,"92",24398.53342800000,"1594","368","2091","1459","553","2075","1511","559","2070","1391","583","1974","1280","725","2005","1392","640","2032","1375","650","2025","1506","544","2050","1496","558","2054","1390","647","2037","1463","605","2111"
"1794",G39,G39,GUILFORD,,"41",26646.72372860000,"764","236","1041","705","326","1055","725","327","1052","660","344","1004","599","422","1021","649","390","1039","659","373","1032","714","330","1044","727","327","1054","666","371","1037","703","354","1070"
"143",01-40,01-40,WAKE,,"92",44280.29693810000,"2739","221","3076","2704","256","3062","2774","282","3056","2726","263","2989","2631","360","2991","2743","307","3050","2724","315","3039","2754","296","3050","2772","285","3057","2726","326","3052","2741","309","3088"
"144",01-41,01-41,WAKE,,"92",20414.65780820000,"1425","230","1740","1364","320","1733","1410","323","1733","1311","337","1648","1180","494","1674","1320","393","1713","1303","401","1704","1394","320","1714","1395","313","1708","1304","404","1708","1353","344","1741"
"166","011",EUTO BAPTIST CHURCH,UNION,,"90",220616.24772399999,"417","1934","2451","313","2111","2469","360","2110","2470","284","2109","2393","249","2179","2428","278","2170","2448","274","2165","2439","324","2131","2455","340","2108","2448","282","2160","2442","288","2202","2500"
"145",01-42,01-42,WAKE,,"92",32755.97164640000,"1621","701","2509","1351","1130","2534","1414","1106","2520","1214","1215","2429","1092","1373","2465","1207","1283","2490","1201","1277","2478","1446","1060","2506","1401","1087","2488","1202","1285","2487","1349","1182","2567"
"211",02-01,02-01,CABARRUS,,"13",52067.17797710000,"1514","1111","2794","1357","1328","2783","1447","1340","2787","1298","1353","2651","1248","1435","2683","1310","1436","2746","1272","1474","2746","1380","1387","2767","1364","1389","2753","1290","1478","2768","1352","1460","2842"
"212",02-01,02-01,WAKE,,"92",43794.08568440000,"1892","817","2902","1610","1269","2940","1679","1259","2938","1483","1334","2817","1321","1540","2861","1487","1399","2886","1447","1425","2872","1700","1211","2911","1703","1200","2903","1464","1426","2890","1623","1288","2960"
"146",01-43,01-43,WAKE,,"92",26634.29630860000,"1474","376","1955","1347","548","1962","1416","540","1956","1299","574","1873","1233","664","1897","1337","594","1931","1301","622","1923","1402","547","1949","1399","541","1940","1301","623","1924","1359","602","1994"
"147",01-44,01-44,WAKE,,"92",23306.39339430000,"2270","499","2916","2106","719","2918","2175","742","2917","1996","794","2790","1841","980","2821","2025","849","2874","1992","865","2857","2174","719","2893","2164","722","2886","2005","875","2880","2122","790","2957"
"213",02-02,02-02,WAKE,,"92",95141.32707670001,"3464","1865","5691","2943","2683","5743","3048","2694","5742","2661","2804","5465","2419","3142","5561","2679","2973","5652","2565","3065","5630","3037","2659","5696","3026","2647","5673","2583","3073","5656","2931","2773","5774"
"149",01-46,01-46,WAKE,,"92",29630.08256040000,"1493","245","1828","1462","258","1804","1511","294","1805","1471","269","1740","1397","347","1744","1463","321","1784","1463","308","1771","1502","281","1783","1499","285","1784","1470","311","1781","1485","330","1852"
"150",01-47,01-47,WAKE,,"92",30269.18070850000,"1250","551","1912","1077","819","1927","1128","807","1935","972","876","1848","847","1042","1889","952","952","1904","969","925","1894","1115","804","1919","1139","777","1916","956","944","1900","1067","863","1951"
"151",01-48,01-48,WAKE,,"92",34396.21698430000,"1507","258","1878","1462","362","1877","1484","388","1872","1383","404","1787","1218","612","1830","1400","457","1857","1368","484","1852","1500","370","1870","1473","388","1861","1360","496","1856","1425","402","1897"
"205","02",GEORGE WATTS ELEMENTARY,DURHAM,,"32",25835.17068620000,"2431","164","2656","2312","250","2604","2346","263","2609","2244","257","2501","2226","294","2520","2259","304","2563","2267","298","2565","2319","268","2587","2353","234","2587","2225","338","2563","2355","303","2705"
"152",01-49,01-49,WAKE,,"92",26499.34424150000,"1911","384","2449","1824","509","2434","1881","538","2419","1778","523","2301","1678","664","2342","1816","578","2394","1767","622","2389","1858","538","2396","1884","524","2408","1761","628","2389","1832","555","2475"
"167","011","011",MECKLENBURG,,"60",31943.93729360000,"5183","1308","6858","4844","1771","6828","5106","1753","6859","4657","1837","6494","4556","1983","6539","4720","2050","6770","4630","2146","6776","4899","1907","6806","4911","1871","6782","4581","2193","6774","4801","1973","6894"
"153",01-50,01-50,WAKE,,"92",33769.13347980001,"2022","208","2332","2008","223","2306","2059","240","2299","2019","221","2240","1907","314","2221","2026","264","2290","2001","280","2281","2042","256","2298","2058","236","2294","2003","292","2295","1990","283","2339"
"168","011",FORK,WARREN,,"93",219988.28625599999,"138","83","233","141","87","231","143","89","232","139","86","225","135","94","229","139","95","234","140","91","231","150","81","231","144","89","233","140","94","234","135","99","235"
"169","012",BETHLEHEM PRESBYTERIAN CHURCH,UNION,,"90",156911.34750500001,"396","1687","2190","298","1881","2218","329","1883","2212","255","1868","2123","227","1935","2162","263","1927","2190","237","1951","2188","309","1891","2200","310","1875","2185","259","1929","2188","262","1951","2236"
"156","01.1",STEPHENS LEE COMMUNITY CENTER,BUNCOMBE,,"11",27198.18797070000,"1396","130","1595","1367","172","1584","1389","193","1582","1327","176","1503","1316","197","1513","1358","206","1564","1346","215","1561","1372","196","1568","1366","194","1560","1335","229","1564","1377","194","1614"
"172","012",ROANOKE,WARREN,,"93",110490.02280700000,"338","425","803","276","520","810","296","521","817","248","550","798","235","570","805","239","569","808","239","566","805","281","535","816","283","528","811","244","565","809","266","541","813"
"228","020","020",MECKLENBURG,,"60",21136.78727810000,"1597","385","2086","1351","692","2081","1479","617","2096","1217","757","1974","1152","863","2015","1224","831","2055","1184","874","2058","1373","692","2065","1413","655","2068","1184","873","2057","1394","672","2097"
"229",0200A,AYDEN A,PITT,,"74",132461.09212900000,"1156","1127","2369","1048","1257","2371","1087","1277","2364","998","1269","2267","944","1348","2292","1005","1347","2352","975","1358","2333","1112","1244","2356","1076","1271","2347","988","1350","2338","1010","1373","2405"
"230",0200B,AYDEN B,PITT,,"74",100328.93591299999,"1088","672","1840","1009","774","1835","1059","769","1828","986","779","1765","941","844","1785","988","843","1831","975","845","1820","1049","787","1836","1067","762","1829","998","820","1818","1009","850","1872"
"231","0201",CONETOE,EDGECOMBE,,"33",151827.66346899999,"437","415","878","421","425","874","431","440","871","421","427","848","408","452","860","414","449","863","419","436","855","446","427","873","430","438","868","424","440","864","425","452","884"
"234","021",WALKERSVILLE PRESBYTERIAN CHURCH,UNION,,"90",143542.36841200001,"625","1535","2287","497","1727","2297","547","1756","2303","466","1760","2226","430","1821","2251","452","1830","2282","443","1841","2284","493","1796","2289","487","1791","2278","447","1831","2278","471","1862","2345"
"173","013",UNIONVILLE VFD,UNION,,"90",93729.36740920000,"477","1852","2431","368","2028","2440","407","2028","2435","339","2011","2350","285","2093","2378","327","2090","2417","311","2087","2398","380","2044","2424","378","2027","2405","321","2092","2413","330","2127","2471"
"174","013",NORLINA,WARREN,,"93",22233.91359780000,"276","156","439","257","171","437","269","169","438","263","169","432","249","189","438","254","181","435","254","182","436","284","157","441","270","164","434","267","170","437","252","189","445"
"176","013","013",MECKLENBURG,,"60",31871.11856600000,"2938","529","3639","2751","748","3616","2910","725","3635","2693","759","3452","2663","832","3495","2726","863","3589","2704","889","3593","2784","815","3599","2796","805","3601","2655","942","3597","2735","839","3653"
"219",02-05,02-05,CABARRUS,,"13",47535.23345580000,"1988","1358","3517","1750","1708","3533","1803","1729","3532","1587","1757","3344","1522","1888","3410","1602","1874","3476","1558","1903","3461","1735","1779","3514","1734","1778","3512","1594","1891","3485","1701","1856","3585"
"177","014","014",MECKLENBURG,,"60",35947.86553040000,"3007","427","3607","2823","634","3580","2982","616","3598","2741","660","3401","2683","748","3431","2784","772","3556","2733","828","3561","2865","707","3572","2881","684","3565","2709","853","3562","2800","716","3596"
"235","021","021",MECKLENBURG,,"60",21143.86022500000,"1431","389","1934","1265","615","1934","1352","596","1948","1168","670","1838","1142","712","1854","1186","729","1915","1155","769","1924","1263","659","1922","1287","641","1928","1139","789","1928","1270","651","1943"
"179","014",EAST WARRENTON,WARREN,,"93",143046.13804100000,"624","206","854","614","219","854","620","238","858","610","225","835","576","259","835","606","250","856","604","247","851","650","208","858","613","241","854","619","235","854","593","245","854"
"220",02-06,02-06,CABARRUS,,"13",50626.18848570000,"1595","855","2612","1509","1015","2618","1559","1057","2616","1440","1058","2498","1390","1091","2481","1471","1111","2582","1451","1119","2570","1514","1083","2597","1508","1078","2586","1446","1135","2581","1504","1137","2672"
"180","014",INDIAN TRAIL LIBRARY,UNION,,"90",75209.31181270002,"632","680","1399","547","785","1387","594","798","1392","523","775","1298","508","798","1306","526","826","1352","515","837","1352","572","802","1374","557","806","1363","522","837","1359","554","861","1428"
"181","015",STALLINGS UNITED METHODIST CHURCH,UNION,,"90",86464.42378820000,"1997","1665","3882","1767","2010","3874","1852","2029","3881","1658","2023","3681","1595","2099","3694","1662","2142","3804","1597","2192","3789","1768","2079","3847","1748","2065","3813","1616","2193","3809","1739","2131","3920"
"242","024","024",MECKLENBURG,,"60",29561.12581630000,"1606","243","1952","1540","336","1950","1614","339","1953","1517","339","1856","1485","378","1863","1544","400","1944","1510","437","1947","1564","384","1948","1560","389","1949","1519","425","1944","1525","384","1958"
"183","015","015",MECKLENBURG,,"60",23168.58846430000,"2965","437","3553","2733","714","3538","2875","672","3547","2589","789","3378","2522","870","3392","2590","902","3492","2572","922","3494","2746","771","3517","2783","735","3518","2524","972","3496","2722","792","3560"
"184","016",HEMBY BRIDGE ELEMENTARY SCHOOL,UNION,,"90",87013.87562550000,"2295","2468","5051","2032","2872","5039","2095","2950","5045","1929","2884","4813","1860","2982","4842","1941","3012","4953","1884","3058","4942","2032","2958","4990","2047","2931","4978","1908","3061","4969","1991","3094","5151"
"243","024",PROSPECT ELEMENTARY SCHOOL,UNION,,"90",151240.95973700000,"478","1402","1974","384","1567","1982","410","1576","1986","348","1581","1929","317","1639","1956","334","1629","1963","326","1638","1964","376","1599","1975","355","1607","1962","337","1620","1957","336","1669","2012"
"244","025",ROCK REST ELEMENTARY SCHOOL,UNION,,"90",136992.41837599999,"556","1133","1765","464","1251","1765","505","1257","1762","435","1246","1681","415","1278","1693","433","1299","1732","422","1311","1733","484","1270","1754","461","1284","1745","441","1297","1738","455","1323","1797"
"185","016","016",MECKLENBURG,,"60",35547.03200950000,"1923","86","2055","1924","80","2047","1960","92","2052","1936","78","2014","1917","94","2011","1957","95","2052","1930","116","2046","1943","107","2050","1949","100","2049","1945","100","2045","1910","100","2049"
"206","02",VICTORY,GASTON,,"36",50425.53235380000,"904","490","1464","879","535","1470","912","558","1470","851","563","1414","829","586","1415","859","601","1460","854","607","1461","884","574","1458","881","581","1462","852","607","1459","871","605","1497"
"207","02",CLIFTON,ASHE,,"5",175565.64990200000,"270","651","960","225","715","973","231","744","975","216","711","927","186","756","942","206","754","960","202","757","959","251","721","972","246","724","970","214","748","962","204","783","997"
"186","017","017",MECKLENBURG,,"60",24450.97477580000,"1001","130","1184","982","151","1179","1032","152","1184","985","161","1146","981","170","1151","1015","166","1181","996","175","1171","1024","158","1182","1006","170","1176","997","177","1174","988","173","1196"
"187",017A,WESLEY CHAPEL ELEMENTARY SCHOOL,UNION,,"90",71634.49273319999,"1287","1525","2998","1106","1815","2995","1166","1834","3000","1003","1863","2866","970","1904","2874","1012","1919","2931","977","1953","2930","1067","1898","2965","1082","1876","2958","991","1953","2944","1094","1933","3050"
"188",017B,SILER PRESBYTERIAN CHURCH,UNION,,"90",67140.87777110000,"1967","1964","4192","1622","2464","4183","1692","2499","4191","1505","2490","3995","1454","2551","4005","1516","2592","4108","1444","2669","4113","1627","2532","4159","1617","2514","4131","1459","2666","4125","1620","2591","4272"
"189","018","018",MECKLENBURG,,"60",18285.96696360000,"1114","277","1476","820","658","1501","946","570","1516","663","781","1444","611","845","1456","651","820","1471","632","848","1480","801","692","1493","860","638","1498","602","884","1486","831","647","1497"
"190","018",PROVIDENCE VFD,UNION,,"90",59222.29687130000,"1388","1323","2907","1168","1735","2953","1251","1703","2954","1037","1765","2802","1003","1815","2818","1061","1822","2883","996","1888","2884","1170","1758","2928","1151","1756","2907","1039","1859","2898","1152","1799","2976"
"208","02",BACK SWAMP,ROBESON,,"78",179868.99183399999,"644","737","1430","689","682","1410","622","787","1409","658","693","1351","625","736","1361","639","752","1391","625","745","1370","680","722","1402","641","749","1390","656","733","1389","585","876","1470"
"209","02",WEST LOUISBURG COUNTRY,FRANKLIN,,"35",190137.69641500001,"683","464","1202","642","531","1196","640","549","1189","609","536","1145","570","606","1176","596","589","1185","608","573","1181","670","520","1190","637","552","1189","621","562","1183","613","587","1211"
"210","02",BANNER ELK,AVERY,,"6",166263.85840500001,"697","889","1682","596","1036","1699","630","1059","1689","532","1063","1595","502","1118","1620","543","1126","1669","530","1124","1654","603","1075","1678","584","1085","1669","545","1126","1671","596","1104","1719"
"254",028D,KENSINGTON ELEMENTARY SCHOOL,UNION,,"90",61035.87528280000,"2103","1756","4109","1829","2154","4094","1897","2217","4114","1670","2209","3879","1676","2250","3926","1671","2334","4005","1632","2363","3995","1808","2267","4075","1776","2253","4029","1627","2399","4026","1806","2331","4185"
"191","019","019",MECKLENBURG,,"60",30863.27064750000,"1115","331","1575","910","653","1590","1017","590","1607","761","745","1506","762","775","1537","786","771","1557","735","833","1568","902","677","1579","946","631","1577","740","828","1568","915","664","1593"
"193","02",SOUTH FRANKLIN,MACON,,"56",76448.59382120000,"391","483","940","353","554","944","366","576","942","328","572","900","312","594","906","331","592","923","328","593","921","367","564","931","340","588","928","335","585","920","337","620","969"
"194","02",HAVELOCK,CRAVEN,,"25",314659.44595299999,"2690","3200","6364","2403","3629","6346","2562","3782","6344","2289","3683","5972","2171","3852","6023","2374","3919","6293","2253","3984","6237","2490","3833","6323","2433","3864","6297","2307","3982","6289","2341","4058","6497"
"195","02",BANOAK,CATAWBA,,"18",151025.70620700001,"464","1362","1926","353","1511","1907","380","1455","1835","320","1544","1864","293","1556","1849","334","1577","1911","323","1557","1880","374","1526","1900","369","1530","1899","334","1554","1888","335","1607","1954"
"196","02",ROCKINGHAM  2,RICHMOND,,"77",173732.09299899999,"1392","1965","3489","1255","2139","3472","1291","2211","3502","1203","2137","3340","1107","2280","3387","1161","2282","3443","1170","2233","3403","1319","2144","3463","1299","2157","3456","1200","2229","3429","1190","2385","3594"
"197","02",ANTIOCH,HOKE,,"47",140959.74191000001,"403","651","1158","559","596","1205","483","682","1165","521","614","1135","435","733","1168","552","629","1181","446","732","1178","569","623","1192","502","685","1187","547","634","1181","353","841","1223"
"198","02",COBLE,ALAMANCE,,"1",131202.36103000000,"917","2064","3144","697","2368","3141","736","2437","3173","611","2467","3078","509","2631","3140","585","2554","3139","590","2541","3131","757","2404","3161","814","2327","3141","605","2527","3132","632","2558","3219"
"199","02",SANDY RIDGE,STOKES,,"85",178824.01014299999,"342","1020","1439","276","1117","1444","298","1139","1437","250","1123","1373","196","1221","1417","237","1187","1424","237","1190","1427","299","1135","1434","305","1118","1423","255","1165","1420","237","1215","1464"
"200","02",BRADSHAW,MITCHELL,,"61",148609.63221200000,"38","173","216","18","189","212","27","187","214","18","181","199","19","190","209","22","186","208","19","186","205","24","187","211","23","185","208","18","187","205","20","201","225"
"201","02",SOUTH CALAHALN,DAVIE,,"30",160182.44495400001,"252","589","897","196","665","891","223","679","902","178","689","867","157","716","873","174","715","889","177","712","889","215","679","894","235","658","893","185","703","888","185","708","908"
"202","02",BEAVER DAM,WATAUGA,,"95",138486.55712700001,"261","561","856","234","583","847","246","602","848","220","573","793","211","611","822","215","617","832","225","595","820","231","597","828","240","581","821","218","606","824","209","649","871"
"203","02",BLACKWELDER PARK,ROWAN,,"80",66447.56425939999,"510","476","1049","475","534","1050","509","538","1047","460","543","1003","452","562","1014","471","569","1040","462","568","1030","486","555","1041","475","563","1038","448","586","1034","467","591","1062"
"204","02","02",WAYNE,,"96",208022.65560599999,"976","1835","2900","836","1987","2901","880","2024","2904","807","2025","2832","753","2102","2855","815","2076","2891","799","2068","2867","926","1972","2898","906","1985","2891","816","2069","2885","796","2119","2936"
"214",02-02,02-02,CABARRUS,,"13",67181.09010010000,"1974","1272","3461","1783","1546","3444","1871","1588","3459","1722","1550","3272","1629","1652","3281","1733","1657","3390","1680","1690","3370","1811","1624","3435","1806","1602","3408","1709","1697","3406","1793","1695","3544"
"215",02-03,02-03,CABARRUS,,"13",122806.18085300000,"2869","1993","5168","2604","2418","5175","2754","2440","5194","2470","2459","4929","2408","2571","4979","2513","2593","5106","2453","2643","5096","2634","2502","5136","2591","2527","5118","2467","2640","5107","2575","2621","5273"
"216",02-03,02-03,WAKE,,"92",100461.89975700001,"1548","979","2697","1338","1309","2715","1397","1326","2723","1213","1379","2592","1054","1590","2644","1204","1481","2685","1161","1514","2675","1411","1293","2704","1354","1335","2689","1184","1501","2685","1309","1394","2735"
"217",02-04,02-04,WAKE,,"92",63722.31489010000,"1283","834","2241","1085","1144","2269","1120","1159","2279","967","1196","2163","872","1344","2216","986","1256","2242","952","1278","2230","1095","1161","2256","1106","1141","2247","965","1275","2240","1075","1193","2290"
"218",02-05,02-05,WAKE,,"92",26593.49107650000,"646","288","990","564","413","995","588","415","1003","507","462","969","457","525","982","498","492","990","502","487","989","571","426","997","583","409","992","501","486","987","556","432","1002"
"221",02-06,02-06,WAKE,,"92",44355.46728950000,"1464","786","2413","1180","1217","2442","1228","1227","2455","1054","1296","2350","940","1454","2394","1043","1372","2415","1021","1373","2394","1242","1188","2430","1244","1184","2428","1005","1399","2404","1185","1256","2465"
"222",02-07,02-07,CABARRUS,,"13",39267.85924600000,"1698","1067","2926","1500","1355","2929","1574","1357","2931","1387","1406","2793","1274","1532","2806","1354","1515","2869","1302","1567","2869","1492","1419","2911","1497","1395","2892","1355","1516","2871","1482","1462","2970"
"224",02-09,02-09,CABARRUS,,"13",63224.97476190000,"4222","1746","6290","3895","2253","6294","4056","2251","6307","3710","2267","5977","3591","2415","6006","3758","2432","6190","3592","2555","6147","3923","2326","6249","3899","2326","6225","3675","2525","6200","3838","2441","6393"
"225",02-25,02-25/02,SCOTLAND,,"83",159310.76513799999,"1017","981","2061","995","1020","2070","1014","1058","2072","982","1020","2002","962","1054","2016","996","1059","2055","989","1039","2028","1028","1037","2065","1010","1039","2049","996","1053","2049","986","1114","2120"
"226",02 CAN,CANE RIVER,YANCEY,,"100",138188.59714299999,"452","643","1149","356","744","1135","383","748","1131","358","718","1076","350","755","1105","349","763","1112","356","750","1106","379","745","1124","378","740","1118","359","752","1111","325","820","1156"
"223",02-08,02-08,CABARRUS,,"13",72003.42386739999,"3699","2111","6160","3340","2619","6131","3504","2637","6141","3153","2673","5826","3082","2782","5864","3235","2805","6040","3128","2885","6013","3356","2739","6095","3347","2736","6083","3144","2908","6052","3298","2863","6263"
"749",12-08,12-08,CABARRUS,,"13",33956.42991040000,"496","412","975","456","452","963","488","472","960","454","463","917","445","479","924","456","497","953","454","493","947","474","482","956","464","488","952","464","490","954","472","505","991"
"750",12-08,12-08,WAKE,,"92",68559.85735970002,"2910","1512","4745","2623","1951","4752","2743","2008","4751","2492","2006","4498","2301","2268","4569","2508","2182","4690","2455","2211","4666","2669","2037","4706","2706","1994","4700","2494","2187","4681","2562","2142","4795"
"227","02.1",MONTFORD COMMUNITY CENTER,BUNCOMBE,,"11",27752.91403360000,"2115","106","2293","2094","132","2279","2123","146","2269","2028","139","2167","2032","182","2214","2073","176","2249","2064","174","2238","2106","157","2263","2076","165","2241","2051","189","2240","2099","169","2309"
"10091","707",GREEK ORTHODOX CHURCH,FORSYTH,,"34",29722.60099270000,"810","202","1068","712","332","1070","742","333","1075","658","363","1021","617","427","1044","670","388","1058","667","384","1051","727","334","1061","750","316","1066","656","402","1058","710","366","1091"
"237","0212",North_Albemarle 2,STANLY,,"84",86816.08506690002,"538","1152","1791","456","1269","1788","492","1297","1789","426","1293","1719","395","1345","1740","415","1358","1773","409","1348","1757","476","1307","1783","458","1308","1766","434","1340","1774","444","1373","1827"
"238","022",TIRZAH PRESBYTERIAN CHURCH,UNION,,"90",113117.12319100001,"621","1473","2229","512","1667","2243","565","1678","2243","475","1664","2139","472","1688","2160","498","1719","2217","476","1745","2221","529","1703","2232","514","1709","2223","456","1766","2222","533","1686","2254"
"239","022","022",MECKLENBURG,,"60",30869.70393700000,"4807","1824","7051","4199","2599","6995","4546","2491","7037","3925","2739","6664","3874","2838","6712","3969","2944","6913","3907","3017","6924","4194","2769","6963","4278","2667","6945","3789","3150","6939","4145","2828","7082"
"240","023",GRIFFITH ROAD VFD,UNION,,"90",104265.99830599999,"644","1042","1773","548","1177","1768","581","1202","1783","521","1180","1701","482","1228","1710","513","1238","1751","487","1256","1743","551","1211","1762","561","1194","1755","517","1236","1753","528","1276","1817"
"241","023","023",MECKLENBURG,,"60",29709.57648740000,"1634","343","2085","1540","462","2076","1615","468","2083","1500","478","1978","1474","502","1976","1526","540","2066","1514","556","2070","1564","513","2077","1585","486","2071","1499","568","2067","1529","522","2084"
"245","025","025",MECKLENBURG,,"60",21867.54476710000,"1267","57","1364","1261","59","1357","1292","71","1363","1281","61","1342","1260","66","1326","1288","69","1357","1281","76","1357","1291","72","1363","1297","65","1362","1290","69","1359","1266","64","1359"
"246","026",UNION BAPTIST CHURCH,UNION,,"90",181221.56547500001,"392","1197","1655","353","1273","1660","363","1302","1665","334","1279","1613","318","1318","1636","327","1320","1647","319","1325","1644","365","1291","1656","339","1313","1652","323","1326","1649","327","1336","1671"
"247","026","026",MECKLENBURG,,"60",38521.82332850000,"2234","263","2593","2208","289","2579","2268","324","2592","2201","310","2511","2168","328","2496","2237","338","2575","2219","361","2580","2235","340","2575","2236","343","2579","2226","348","2574","2172","359","2579"
"248","027",ALLENS CROSSROADS VFD,UNION,,"90",175176.50205700001,"357","1095","1527","298","1178","1519","315","1200","1515","274","1195","1469","254","1225","1479","271","1231","1502","249","1247","1496","294","1217","1511","303","1194","1497","265","1240","1505","264","1280","1550"
"249","027","027",MECKLENBURG,,"60",44435.84474380000,"1540","211","1833","1541","233","1834","1581","255","1836","1529","235","1764","1521","244","1765","1560","270","1830","1556","275","1831","1559","268","1827","1573","259","1832","1545","283","1828","1497","287","1835"
"250","028","028",MECKLENBURG,,"60",31642.00399280000,"1322","179","1562","1283","227","1558","1338","228","1566","1251","239","1490","1243","266","1509","1262","284","1546","1257","285","1542","1285","265","1550","1301","250","1551","1255","289","1544","1276","267","1570"
"251",028A,SANDY RIDGE ELEMENTARY SCHOOL,UNION,,"90",92213.80088830000,"2529","2023","4830","2119","2588","4808","2203","2622","4825","1903","2673","4576","1904","2717","4621","1943","2778","4721","1859","2852","4711","2082","2689","4771","2097","2660","4757","1863","2869","4732","2128","2705","4896"
"252",028B,MARVIN ELEMENTARY SCHOOL,UNION,,"90",48842.08382670000,"1972","1401","3604","1636","1898","3612","1730","1917","3647","1472","1962","3434","1459","1992","3451","1478","2042","3520","1413","2106","3519","1618","1965","3583","1613","1938","3551","1426","2106","3532","1669","1988","3695"
"253",028C,MARVIN AME ZION CHURCH,UNION,,"90",72397.59568780000,"1797","1315","3314","1449","1789","3304","1530","1784","3314","1303","1818","3121","1283","1863","3146","1300","1908","3208","1225","1980","3205","1415","1844","3259","1430","1829","3259","1241","1987","3228","1459","1829","3356"
"255","029","029",MECKLENBURG,,"60",26338.92827310000,"1317","207","1599","1267","286","1589","1319","282","1601","1205","315","1520","1189","343","1532","1233","354","1587","1201","378","1579","1274","317","1591","1269","312","1581","1197","390","1587","1260","310","1598"
"256",029A,SHILOH ELEMENTARY SCHOOL,UNION,,"90",42322.67223670000,"2222","1649","4100","2037","1944","4109","2079","2019","4098","1933","1964","3897","1862","2062","3924","1928","2096","4024","1882","2135","4017","2029","2050","4079","2012","2039","4051","1909","2125","4034","2024","2124","4193"
"1242",34-1,PEARSONTOWN ELEMENTARY,DURHAM,,"32",30944.95584530000,"2506","256","2857","2469","303","2839","2517","322","2839","2416","318","2734","2354","394","2748","2460","358","2818","2444","367","2811","2503","324","2827","2503","321","2824","2438","377","2815","2444","352","2850"
"257",029B,BRANDON OAKS CLUBHOUSE,UNION,,"90",27076.74953980000,"694","692","1472","611","815","1471","635","848","1483","565","817","1382","545","846","1391","576","859","1435","559","882","1441","604","849","1453","607","831","1438","564","874","1438","601","878","1504"
"258",029C,STALLINGS VFD,UNION,,"90",57025.39651800000,"1095","1200","2425","940","1415","2423","1001","1434","2435","888","1417","2305","861","1471","2332","883","1489","2372","860","1511","2371","940","1467","2407","933","1458","2391","867","1515","2382","942","1496","2463"
"282","030","030",MECKLENBURG,,"60",25197.37540230000,"3631","442","4259","3460","648","4234","3609","639","4248","3329","713","4042","3273","795","4068","3366","828","4194","3299","892","4191","3473","741","4214","3476","741","4217","3279","931","4210","3455","738","4264"
"283","0301",SPEED,EDGECOMBE,,"33",213798.04152900001,"189","118","314","159","146","312","167","144","311","159","149","308","143","168","311","148","164","312","156","156","312","177","137","314","160","150","310","158","151","309","157","157","316"
"284","0301",BELVOIR,PITT,,"74",208844.13873300000,"1767","861","2711","1693","916","2692","1731","954","2685","1690","921","2611","1658","977","2635","1703","991","2694","1683","992","2675","1772","921","2693","1740","950","2690","1697","984","2681","1714","986","2718"
"259","03","03",SCOTLAND,,"83",65440.23575090000,"1099","966","2136","1024","1046","2124","1063","1077","2140","1000","1052","2052","927","1147","2074","957","1158","2115","981","1116","2097","1064","1053","2117","1048","1067","2115","1017","1094","2111","1030","1134","2178"
"260","03",BLUE SPRINGS,HOKE,,"47",156182.91886100001,"362","172","589","284","230","547","373","219","592","283","260","543","283","282","565","356","214","570","315","247","562","340","235","575","306","271","577","332","240","572","412","189","608"
"261","03",PLEASANT RIDGE,GASTON,,"36",29469.69519480000,"771","347","1170","771","369","1174","789","385","1174","745","383","1128","740","389","1129","751","411","1162","736","421","1157","762","392","1154","760","405","1165","757","406","1163","767","422","1202"
"262","03",BLACKBURN,CATAWBA,,"18",172984.09541499999,"495","1325","1923","417","1432","1900","419","1412","1831","391","1460","1851","350","1499","1849","385","1519","1904","359","1517","1876","410","1468","1878","430","1469","1899","379","1493","1872","384","1559","1959"
"263","03",EAST FRANKLIN,MACON,,"56",114413.25461200000,"800","1081","1959","649","1242","1947","687","1269","1956","616","1240","1856","593","1287","1880","623","1288","1911","591","1310","1901","661","1274","1935","641","1277","1918","622","1291","1913","632","1355","2005"
"264","03","03",WAYNE,,"96",136911.01308000000,"842","1745","2717","716","1936","2730","734","1998","2732","669","1992","2661","592","2080","2672","657","2044","2701","650","2033","2683","778","1933","2711","748","1960","2708","683","2024","2707","664","2079","2761"
"265","03",BLOWING ROCK,WATAUGA,,"95",136099.25267700001,"1269","815","2193","1077","1060","2196","1139","1054","2193","1002","1086","2088","955","1151","2106","1007","1127","2134","982","1151","2133","1107","1071","2178","1093","1063","2156","997","1142","2139","1090","1112","2224"
"266","03",CRESTON,ASHE,,"5",192205.48726400000,"105","238","365","90","268","369","94","275","369","87","270","357","77","286","363","87","280","367","85","280","365","94","272","366","93","271","364","91","274","365","83","285","373"
"267","03",BRITTS,ROBESON,,"78",201569.22377700001,"406","879","1348","376","952","1353","376","977","1353","373","936","1309","358","961","1319","362","975","1337","354","972","1326","391","954","1345","383","953","1336","366","968","1334","345","1034","1387"
"268","03",CLARKSVILLE,DAVIE,,"30",159824.34591999999,"631","1545","2303","488","1746","2310","543","1759","2302","431","1778","2209","382","1879","2261","430","1857","2287","427","1855","2282","510","1792","2302","570","1717","2287","444","1848","2292","440","1856","2318"
"296","034","034",MECKLENBURG,,"60",29301.49570750000,"1693","399","2211","1614","512","2204","1692","523","2215","1558","544","2102","1545","578","2123","1577","613","2190","1547","644","2191","1634","567","2201","1629","569","2198","1555","639","2194","1575","585","2212"
"269","03",ROCKINGHAM  3,RICHMOND,,"77",83313.18494779999,"223","417","665","198","451","658","205","457","662","196","432","628","180","460","640","191","460","651","187","459","646","213","440","653","213","437","650","189","456","645","183","487","679"
"270","03",BOSTIAN CROSS ROAD,ROWAN,,"80",81632.13646189999,"431","1334","1875","320","1495","1866","360","1509","1869","277","1533","1810","260","1575","1835","273","1579","1852","267","1577","1844","320","1539","1859","328","1526","1854","274","1574","1848","281","1604","1899"
"271","03",CANE CREEK,MITCHELL,,"61",104998.99748100000,"94","322","435","82","329","424","85","339","424","75","326","401","70","344","414","79","342","421","81","338","419","89","331","420","86","328","414","81","336","417","80","355","439"
"272","03",TRENT WOODS,CRAVEN,,"25",57438.17858850000,"1402","1470","3024","1038","1927","3035","1095","1951","3046","879","2016","2895","744","2208","2952","872","2129","3001","829","2128","2957","1142","1884","3026","1190","1824","3014","842","2142","2984","976","2079","3074"
"273","03",LAWSONVILLE,STOKES,,"85",213649.17544399999,"237","844","1151","177","933","1156","189","965","1154","146","950","1096","132","1001","1133","144","993","1137","140","990","1130","187","958","1145","192","941","1133","139","994","1133","142","1029","1178"
"274","03",E K POWE ELEMENTARY,DURHAM,,"32",16562.69399880000,"1762","109","1909","1697","170","1892","1726","169","1895","1655","184","1839","1622","219","1841","1654","215","1869","1644","228","1872","1703","175","1878","1708","175","1883","1640","233","1873","1703","186","1913"
"275","03",WEST FRANKLINTON,FRANKLIN,,"35",161666.38262399999,"1763","1384","3324","1587","1615","3315","1639","1668","3307","1530","1621","3151","1450","1779","3229","1539","1752","3291","1548","1732","3280","1683","1621","3304","1642","1661","3303","1572","1710","3282","1535","1778","3357"
"276","03",BEECH MOUNTAIN,AVERY,,"6",108051.00164500000,"55","289","365","51","296","362","52","308","360","52","296","348","44","305","349","50","305","355","46","311","357","55","302","357","53","299","352","46","309","355","46","323","371"
"278",03-00,03-00,CABARRUS,,"13",105470.35424800000,"2261","2252","4847","1973","2748","4861","2070","2784","4854","1838","2783","4621","1750","2918","4668","1867","2935","4802","1746","3019","4765","1964","2860","4824","1959","2863","4822","1802","2995","4797","1921","2943","4927"
"279",03 EGY,EGYPT,YANCEY,,"100",137389.59983299999,"174","250","437","148","269","425","155","273","428","142","264","406","142","276","418","149","270","419","142","272","414","146","277","423","145","275","420","145","275","420","142","287","433"
"280","03.1",ST MARKS LUTHERAN CHURCH,BUNCOMBE,,"11",19281.35859640000,"1575","95","1730","1550","120","1705","1568","132","1700","1505","136","1641","1500","157","1657","1537","152","1689","1528","166","1694","1561","142","1703","1542","146","1688","1521","163","1684","1547","157","1735"
"297","035","035",MECKLENBURG,,"60",20115.27011550000,"1325","393","1820","1156","636","1831","1246","591","1837","1049","704","1753","1020","751","1771","1051","747","1798","1019","783","1802","1148","664","1812","1186","628","1814","1000","799","1799","1173","637","1835"
"298","035",ROCK HILL AME ZION CHURCH,UNION,,"90",47364.86414990000,"794","850","1776","697","1043","1786","739","1064","1803","625","1066","1691","602","1114","1716","635","1114","1749","605","1136","1741","679","1088","1767","678","1081","1759","620","1125","1745","682","1122","1823"
"299","035",BOONE 5,ALAMANCE,,"1",89339.48183700000,"1903","1526","3596","1672","1779","3565","1746","1831","3577","1602","1832","3434","1462","2018","3480","1576","1953","3529","1564","1969","3533","1712","1847","3559","1768","1785","3553","1575","1957","3532","1642","1980","3651"
"300","036",CROSSROADS AME ZION CHURCH,UNION,,"90",166806.57552799999,"519","1176","1762","458","1258","1760","475","1282","1757","436","1264","1700","411","1302","1713","429","1316","1745","432","1301","1733","467","1290","1757","459","1283","1742","439","1304","1743","429","1337","1780"
"285","031",GRACE BAPTIST CHURCH,UNION,,"90",82004.90525220000,"1497","1519","3222","1370","1740","3212","1438","1769","3207","1285","1760","3045","1265","1794","3059","1331","1832","3163","1260","1885","3145","1378","1815","3193","1372","1795","3167","1293","1870","3163","1366","1891","3284"
"304",037B,LIFELINE COMMUNITY CHURCH,UNION,,"90",21178.89286500000,"570","621","1266","490","756","1269","494","775","1269","436","792","1228","421","813","1234","434","821","1255","414","838","1252","479","787","1266","489","779","1268","422","837","1259","462","811","1292"
"287","031","031",MECKLENBURG,,"60",37801.32931870000,"1383","156","1613","1383","174","1605","1426","181","1607","1374","183","1557","1359","196","1555","1393","212","1605","1396","207","1603","1396","209","1605","1387","214","1601","1402","207","1609","1354","208","1598"
"288","032","032",MECKLENBURG,,"60",20999.91715430000,"1293","419","1830","931","891","1852","1095","779","1874","780","1002","1782","730","1060","1790","751","1068","1819","719","1113","1832","952","893","1845","994","846","1840","710","1126","1836","969","873","1858"
"290","032",FAIRVIEW ELEMENTARY SCHOOL,UNION,,"90",103300.63061900000,"1170","1691","3049","995","1992","3060","1056","2016","3072","893","2048","2941","857","2104","2961","894","2111","3005","854","2141","2995","1002","2048","3050","985","2029","3014","890","2127","3017","982","2112","3121"
"291","033",WAXHAW ELEMENTARY SCHOOL,UNION,,"90",143401.82122899999,"792","1165","2076","698","1330","2083","736","1353","2089","644","1324","1968","642","1372","2014","654","1390","2044","635","1406","2041","683","1380","2063","688","1366","2054","640","1410","2050","669","1415","2121"
"293","033","033",MECKLENBURG,,"60",23978.68351210000,"1103","242","1409","1053","316","1411","1108","308","1416","1018","325","1343","1006","352","1358","1018","385","1403","1002","401","1403","1070","337","1407","1068","340","1408","1017","384","1401","1018","360","1418"
"294","034",MIDWAY BAPTIST CHURCH,UNION,,"90",152104.36429800000,"958","2143","3263","826","2364","3271","848","2435","3283","752","2407","3159","693","2503","3196","736","2489","3225","719","2513","3232","816","2442","3258","811","2424","3235","750","2491","3241","775","2519","3312"
"301","036","036",MECKLENBURG,,"60",28198.80788260000,"1512","524","2159","1285","861","2190","1431","771","2202","1141","947","2088","1105","1014","2119","1153","1011","2164","1126","1042","2168","1288","889","2177","1331","849","2180","1112","1056","2168","1287","886","2191"
"302","037","037",MECKLENBURG,,"60",21421.87617230000,"1322","466","1917","1152","723","1921","1246","687","1933","1048","776","1824","1013","833","1846","1069","835","1904","1016","888","1904","1134","782","1916","1181","731","1912","1018","888","1906","1148","763","1932"
"303",037A,NEXT LEVEL CHURCH,UNION,,"90",77814.79913299999,"2208","2042","4535","1978","2421","4523","2076","2462","4538","1872","2421","4293","1807","2529","4336","1898","2551","4449","1808","2621","4429","1985","2494","4479","1985","2480","4465","1856","2600","4456","1946","2599","4604"
"305","038","038",MECKLENBURG,,"60",20214.35670470000,"1161","305","1560","1044","450","1550","1118","434","1552","976","486","1462","957","522","1479","1004","526","1530","975","562","1537","1054","484","1538","1062","478","1540","971","560","1531","1044","488","1560"
"307",038B,LAKE PARK COMMUNITY CENTER,UNION,,"90",27996.65246040000,"895","875","1883","796","1033","1898","843","1052","1895","738","1071","1809","707","1111","1818","749","1120","1869","753","1116","1869","805","1080","1885","798","1087","1885","736","1139","1875","787","1110","1925"
"306",038A,SARDIS ELEMENTARY SCHOOL,UNION,,"90",69509.57486220000,"1372","1270","2803","1201","1499","2784","1267","1520","2787","1143","1525","2668","1117","1551","2668","1158","1576","2734","1139","1595","2734","1218","1548","2766","1214","1538","2752","1140","1607","2747","1197","1619","2845"
"310",03A,BOSTIC-SUNSHINE,RUTHERFORD,,"81",218382.34173600000,"389","1246","1728","300","1403","1749","340","1397","1737","273","1413","1686","256","1446","1702","272","1455","1727","271","1445","1716","307","1434","1741","325","1406","1731","274","1451","1725","275","1482","1766"
"311",03A,GAP CIVIL,ALLEGHANY,,"3",225603.64646200000,"1009","1637","2781","757","1959","2790","853","1933","2786","713","1945","2658","583","2126","2709","706","2030","2736","687","2033","2720","859","1909","2768","874","1871","2745","727","2011","2738","705","2139","2866"
"308","039","039",MECKLENBURG,,"60",71088.66013490000,"1504","149","1734","1506","167","1727","1554","176","1730","1521","159","1680","1520","164","1684","1543","186","1729","1535","199","1734","1543","185","1728","1539","194","1733","1533","192","1725","1505","194","1726"
"309","039",PORTER RIDGE ELEMENTARY SCHOOL,UNION,,"90",88661.13590020000,"852","1495","2443","739","1658","2448","775","1675","2450","687","1663","2350","650","1726","2376","696","1728","2424","644","1772","2416","750","1688","2438","742","1684","2426","677","1738","2415","710","1763","2493"
"312",03C,CENTRAL BOONE,ALAMANCE,,"1",52856.95152550000,"1111","740","2001","896","1061","2021","961","1077","2038","812","1135","1947","706","1292","1998","788","1226","2014","775","1207","1982","968","1049","2017","1040","977","2017","808","1190","1998","872","1124","2035"
"314",03N2,NORTH BOONE 2,ALAMANCE,,"1",18197.38083120000,"431","177","638","356","272","643","365","275","640","307","306","613","274","353","627","301","329","630","295","329","624","366","279","645","363","270","633","305","328","633","353","296","653"
"313",03N,NORTH BOONE,ALAMANCE,,"1",50540.59220080000,"1640","799","2566","1422","1082","2562","1472","1097","2569","1324","1147","2471","1228","1281","2509","1310","1219","2529","1297","1224","2521","1457","1093","2550","1524","1022","2546","1308","1216","2524","1433","1150","2617"
"316",03W,WEST BOONE,ALAMANCE,,"1",59540.51943050000,"1293","1060","2488","1089","1327","2493","1141","1348","2489","991","1405","2396","905","1524","2429","999","1461","2460","1008","1453","2461","1108","1368","2476","1179","1295","2474","1004","1460","2464","1048","1440","2508"
"317","04",CAREYS FLAT,AVERY,,"6",157117.79549900000,"21","44","66","20","46","67","21","46","67","20","46","66","21","45","66","21","46","67","20","46","66","20","46","66","21","46","67","21","46","67","20","49","70"
"318","04",BUCHAN,HOKE,,"47",137351.23970700000,"398","374","826","362","411","812","366","413","779","308","455","763","240","558","798","335","483","818","331","491","822","353","473","826","325","476","801","368","441","809","335","490","847"
"319","04",GRASSY CREEK,MITCHELL,,"61",230289.26248000000,"1326","3012","4505","1094","3307","4508","1133","3360","4493","1066","3233","4299","884","3492","4376","1054","3382","4436","998","3395","4393","1125","3335","4460","1124","3325","4449","1049","3378","4427","1083","3508","4624"
"320","04",BURNT SWAMP,ROBESON,,"78",123476.72046700001,"387","1035","1477","421","983","1452","330","1139","1469","376","1012","1388","335","1055","1390","346","1075","1421","329","1074","1403","390","1039","1429","373","1053","1426","388","1031","1419","258","1261","1529"
"321","04",MORTON,ALAMANCE,,"1",150870.33475000001,"984","2217","3362","823","2450","3350","861","2506","3367","763","2515","3278","629","2701","3330","713","2632","3345","729","2608","3337","885","2470","3355","916","2434","3350","741","2591","3332","733","2621","3396"
"322","04",GLADE CREEK,ALLEGHANY,,"3",154916.29336499999,"309","747","1107","235","856","1114","268","843","1111","226","833","1059","179","925","1104","206","883","1089","207","879","1086","270","833","1103","269","821","1090","220","874","1094","210","919","1139"
"332","04",COOLEEMEE,DAVIE,,"30",94676.33368890001,"427","929","1438","358","1035","1442","389","1061","1450","337","1070","1407","316","1100","1416","345","1102","1447","337","1102","1439","377","1068","1445","385","1050","1435","343","1101","1444","350","1092","1457"
"333","04","04",WAYNE,,"96",111006.37567900000,"1198","2259","3614","998","2537","3618","1050","2581","3631","940","2589","3529","849","2696","3545","958","2657","3615","939","2650","3589","1092","2520","3612","1056","2549","3605","952","2649","3601","966","2690","3682"
"334","04",ARCADIA 04,DAVIDSON,,"29",78112.92784510000,"2064","2889","5256","1629","3495","5267","1785","3508","5293","1479","3598","5077","1289","3867","5156","1440","3790","5230","1409","3811","5220","1682","3574","5256","1760","3479","5239","1463","3766","5229","1540","3739","5324"
"335","04",WOLF PIT  1,RICHMOND,,"77",60496.59137240000,"438","467","937","432","479","934","444","496","940","440","481","921","411","506","917","418","512","930","426","503","929","444","494","938","426","505","931","419","511","930","410","543","955"
"336","04","04",SCOTLAND,,"83",113502.83216900000,"1244","1329","2646","1132","1455","2635","1135","1512","2647","1092","1450","2542","1024","1547","2571","1076","1531","2607","1082","1496","2578","1166","1447","2613","1183","1435","2618","1112","1493","2605","1113","1571","2697"
"340",04-03,04-03,WAKE,,"92",22996.96748890000,"1219","359","1677","1142","495","1680","1179","503","1682","1089","530","1619","995","641","1636","1095","571","1666","1075","580","1655","1164","513","1677","1157","515","1672","1090","576","1666","1130","545","1705"
"337",04-01,04-01,WAKE,,"92",21521.74963670000,"1385","391","1874","1258","562","1872","1294","587","1881","1195","610","1805","1109","720","1829","1203","654","1857","1183","664","1847","1312","560","1872","1323","541","1864","1217","644","1861","1254","594","1890"
"341",04-03,04-03,CABARRUS,,"13",36681.93855910001,"1167","925","2212","1077","1045","2207","1128","1083","2211","1051","1051","2102","1020","1101","2121","1064","1124","2188","1042","1130","2172","1108","1086","2194","1115","1082","2197","1067","1123","2190","1057","1141","2231"
"338",04-01,04-01,CABARRUS,,"13",55266.90891620000,"1309","816","2275","1221","969","2265","1284","984","2268","1164","984","2148","1127","1048","2175","1168","1074","2242","1154","1072","2226","1229","1038","2267","1223","1028","2251","1176","1073","2249","1180","1112","2325"
"355",04-13,04-13,CABARRUS,,"13",55546.67255340000,"2039","1830","4153","1797","2211","4149","1925","2246","4171","1685","2285","3970","1585","2421","4006","1713","2414","4127","1662","2436","4098","1828","2306","4134","1808","2318","4126","1675","2438","4113","1744","2444","4227"
"339",04-02,04-02,WAKE,,"92",38505.82595250001,"1862","514","2497","1702","734","2489","1741","751","2492","1575","807","2382","1440","980","2420","1592","859","2451","1576","863","2439","1734","738","2472","1765","708","2473","1594","854","2448","1667","806","2519"
"342",04-04,04-04,WAKE,,"92",19063.76991410000,"1192","334","1635","1105","490","1648","1137","504","1641","1063","511","1574","955","638","1593","1066","567","1633","1060","560","1620","1141","494","1635","1141","493","1634","1062","563","1625","1102","529","1662"
"343",04-05,04-05,WAKE,,"92",89159.48756540002,"2340","686","3274","2167","1009","3266","2226","1035","3261","2043","1086","3129","1768","1411","3179","2018","1214","3232","1933","1273","3206","2228","1019","3247","2227","1002","3229","1989","1224","3213","2088","1076","3295"
"344",04-06,04-06,WAKE,,"92",30837.95861600000,"2029","545","2707","1805","884","2729","1850","873","2723","1693","949","2642","1540","1127","2667","1689","1008","2697","1669","1015","2684","1883","832","2715","1894","815","2709","1691","1010","2701","1816","921","2767"
"368","040","040",MECKLENBURG,,"60",30642.95584220000,"1251","196","1515","1263","196","1505","1289","219","1508","1281","188","1469","1258","196","1454","1288","221","1509","1285","223","1508","1287","220","1507","1289","220","1509","1276","232","1508","1246","230","1504"
"369","0401",LAWRENCE,EDGECOMBE,,"33",169588.57668200001,"297","168","474","284","192","480","292","185","477","272","194","466","264","209","473","274","201","475","270","204","474","296","182","478","290","185","475","275","202","477","271","204","479"
"370","0401",BETHEL,PITT,,"74",169765.22323400000,"656","345","1037","610","393","1032","621","416","1037","599","409","1008","582","445","1027","585","450","1035","590","443","1033","639","398","1037","645","391","1036","596","436","1032","589","447","1044"
"371","041",WEDDINGTON ELEMENTARY SCHOOL,UNION,,"90",108055.38986000000,"1913","1786","3923","1583","2311","3948","1643","2311","3954","1411","2376","3787","1374","2430","3804","1401","2447","3848","1336","2517","3853","1561","2355","3916","1498","2390","3888","1337","2544","3881","1565","2399","4009"
"345",04-07,04-07,WAKE,,"92",31431.58500840000,"1619","717","2485","1333","1154","2533","1371","1162","2533","1185","1274","2459","1057","1448","2505","1167","1342","2509","1153","1346","2499","1388","1137","2525","1405","1107","2512","1157","1355","2512","1323","1208","2558"
"10095","802",SUMMIT SCHOOL,FORSYTH,,"34",27776.76470940000,"1057","274","1409","850","556","1433","908","534","1442","758","610","1368","692","712","1404","729","683","1412","718","676","1394","889","541","1430","943","486","1429","740","685","1425","860","563","1442"
"346",04-08,04-08,CABARRUS,,"13",71082.14500059999,"867","623","1579","795","726","1586","843","746","1589","765","744","1509","731","787","1518","770","795","1565","760","793","1553","816","756","1572","807","767","1574","773","790","1563","781","806","1607"
"347",04-08,04-08,WAKE,,"92",31853.92495060000,"1733","380","2224","1605","559","2220","1641","578","2219","1519","588","2107","1401","750","2151","1525","660","2185","1480","700","2180","1645","557","2202","1667","524","2191","1494","699","2193","1583","616","2247"
"1766",G18,G18,GUILFORD,,"41",21858.34299400000,"792","280","1126","646","475","1132","683","460","1143","571","525","1096","491","632","1123","532","581","1113","549","555","1104","669","454","1123","725","412","1137","562","550","1112","634","499","1148"
"348",04-09,04-09,CABARRUS,,"13",73457.76835600000,"1738","1636","3586","1540","1952","3581","1616","1970","3586","1456","1971","3427","1399","2062","3461","1439","2081","3520","1395","2113","3508","1546","2002","3548","1566","1975","3541","1428","2116","3544","1520","2100","3656"
"349",04-09,04-09,WAKE,,"92",35927.59250260000,"1731","581","2453","1526","884","2467","1590","877","2467","1420","936","2356","1360","1035","2395","1437","982","2419","1390","1025","2415","1561","879","2440","1591","841","2432","1396","1028","2424","1519","935","2493"
"350",04-10,04-10,WAKE,,"92",37150.59207730001,"1772","578","2466","1641","773","2468","1686","784","2470","1555","834","2389","1429","992","2421","1555","889","2444","1523","912","2435","1665","790","2455","1692","754","2446","1533","905","2438","1605","831","2491"
"375","042","042",MECKLENBURG,,"60",23934.49848890000,"1557","99","1711","1565","92","1710","1611","104","1715","1587","86","1673","1561","98","1659","1591","113","1704","1593","117","1710","1610","100","1710","1589","111","1700","1597","112","1709","1540","116","1693"
"351",04-11,04-11,WAKE,,"92",25857.98966550000,"1005","248","1340","949","350","1335","972","358","1330","883","381","1264","839","454","1293","907","407","1314","889","424","1313","965","356","1321","982","350","1332","903","411","1314","927","391","1350"
"376","043","043",MECKLENBURG,,"60",23293.18209160000,"1624","249","1952","1608","276","1955","1663","290","1953","1631","263","1894","1604","287","1891","1656","297","1953","1619","329","1948","1648","305","1953","1654","296","1950","1626","329","1955","1589","320","1949"
"352",04-11,04-11,CABARRUS,,"13",48615.66482800000,"1317","1015","2478","1223","1158","2483","1297","1190","2487","1165","1194","2359","1112","1251","2363","1190","1264","2454","1151","1298","2449","1224","1243","2467","1236","1234","2470","1162","1299","2461","1195","1308","2537"
"377","043",THE BAZEMORE CENTER,UNION,,"90",28865.11997440000,"409","106","543","411","112","546","419","123","542","407","111","518","401","122","523","415","119","534","411","122","533","426","117","543","410","131","541","421","120","541","420","123","553"
"353",04-12,04-12,CABARRUS,,"13",66045.70069319999,"1965","1169","3307","1874","1296","3297","1929","1371","3300","1831","1320","3151","1765","1391","3156","1874","1397","3271","1828","1425","3253","1895","1388","3283","1884","1402","3286","1839","1437","3276","1878","1449","3367"
"354",04-12,04-12,WAKE,,"92",31606.47327570000,"1774","542","2463","1622","789","2471","1686","787","2473","1517","850","2367","1354","1052","2406","1533","897","2430","1488","956","2444","1671","788","2459","1695","770","2465","1525","915","2440","1591","851","2506"
"356",04-13,04-13,WAKE,,"92",40102.28995810000,"3147","927","4304","2851","1360","4308","2935","1372","4307","2671","1453","4124","2490","1695","4185","2727","1520","4247","2620","1606","4226","2919","1348","4267","2959","1315","4274","2654","1589","4243","2819","1446","4360"
"357",04-14,04-14,WAKE,,"92",24720.60402800000,"1087","310","1489","991","472","1515","1031","488","1519","926","502","1428","872","602","1474","951","547","1498","949","543","1492","1023","476","1499","1041","458","1499","937","559","1496","975","510","1520"
"380","045","045",MECKLENBURG,,"60",18104.92920890000,"1101","303","1478","1074","366","1487","1116","371","1487","1041","378","1419","1027","404","1431","1060","420","1480","1054","427","1481","1092","396","1488","1073","409","1482","1051","434","1485","1028","419","1486"
"358",04-15,04-15,WAKE,,"92",28309.34363690000,"1585","487","2190","1464","659","2190","1510","679","2189","1384","689","2073","1279","834","2113","1414","742","2156","1357","792","2149","1517","656","2173","1534","636","2170","1366","790","2156","1460","702","2216"
"359",04-16,04-16,WAKE,,"92",25736.64228220000,"1436","324","1860","1311","485","1850","1356","494","1850","1236","526","1762","1165","635","1800","1256","567","1823","1236","578","1814","1338","498","1836","1371","467","1838","1240","576","1816","1302","545","1874"
"10096","803",WHITAKER ELEMENTARY,FORSYTH,,"34",23138.71733780000,"1020","327","1418","782","652","1450","835","628","1463","652","733","1385","627","793","1420","646","773","1419","618","774","1392","827","602","1429","881","563","1444","636","784","1420","798","662","1466"
"360",04-17,04-17,WAKE,,"92",20309.11030140000,"1195","261","1538","1110","380","1532","1143","384","1527","1026","427","1453","964","520","1484","1048","452","1500","1009","490","1499","1132","383","1515","1146","367","1513","1030","476","1506","1083","416","1535"
"383","048","048",MECKLENBURG,,"60",27622.66135000000,"1179","483","1781","908","873","1805","1036","789","1825","755","987","1742","720","1022","1742","731","1042","1773","742","1048","1790","926","864","1790","927","861","1788","700","1081","1781","942","865","1822"
"361",04-18,04-18,WAKE,,"92",40461.94257140001,"1843","471","2436","1679","680","2428","1735","698","2433","1585","723","2308","1485","873","2358","1608","785","2393","1596","793","2389","1711","697","2408","1735","673","2408","1562","821","2383","1673","750","2466"
"362",04-19,04-19,WAKE,,"92",19416.04862040000,"1168","328","1577","1069","472","1583","1098","488","1586","995","485","1480","913","611","1524","1016","540","1556","994","559","1553","1099","473","1572","1113","456","1569","998","561","1559","1062","496","1592"
"384","049","049",MECKLENBURG,,"60",21456.93079920000,"1976","573","2703","1700","932","2698","1844","875","2719","1561","1011","2572","1515","1075","2590","1588","1082","2670","1551","1127","2678","1695","986","2681","1741","947","2688","1543","1134","2677","1712","975","2723"
"385",04A,CAMP CREEK-MT VERNON,RUTHERFORD,,"81",228386.25566800000,"472","1250","1793","388","1383","1810","409","1401","1810","364","1380","1744","340","1423","1763","367","1429","1796","374","1415","1789","383","1422","1805","385","1413","1798","362","1438","1800","375","1458","1841"
"386","05",FARMINGTON,DAVIE,,"30",182641.58515100001,"722","1404","2278","562","1663","2302","604","1706","2310","499","1736","2235","426","1837","2263","498","1792","2290","480","1809","2289","596","1712","2308","611","1688","2299","496","1801","2297","508","1788","2313"
"387","05",HEALTH CENTER,GASTON,,"36",69329.78853150000,"905","490","1472","901","531","1475","925","552","1477","881","543","1424","875","554","1429","890","571","1461","883","570","1453","899","564","1463","892","572","1464","891","576","1467","881","600","1494"
"388","05",MCCAIN,HOKE,,"47",258216.86497100000,"492","614","1220","504","620","1230","531","714","1245","536","674","1210","511","712","1223","470","730","1200","604","605","1209","491","758","1249","514","698","1212","545","664","1209","445","815","1279"
"389","05",CATAWBA,CATAWBA,,"18",142542.72395200000,"779","1746","2659","625","1885","2603","674","1829","2503","600","1926","2526","547","1950","2497","590","2020","2610","555","2006","2561","629","1949","2578","665","1937","2602","591","1993","2584","619","2059","2696"
"363",04-20,04-20,WAKE,,"92",27212.61758630000,"1954","544","2649","1826","756","2638","1882","757","2639","1739","779","2518","1606","950","2556","1764","834","2598","1718","875","2593","1877","739","2616","1882","735","2617","1723","880","2603","1793","802","2665"
"390","05",BOONE 1,WATAUGA,,"95",20852.24109870000,"1006","151","1223","946","232","1214","982","229","1211","917","227","1144","892","255","1147","936","254","1190","942","248","1190","952","242","1194","979","223","1202","923","264","1187","950","264","1234"
"391","05",FAUCETTE,ALAMANCE,,"1",144027.79513700001,"648","1497","2263","510","1690","2277","544","1743","2287","456","1763","2219","381","1870","2251","439","1825","2264","455","1807","2262","553","1723","2276","627","1640","2267","469","1785","2254","460","1821","2299"
"392","05",UNION,MACON,,"56",116992.31026699999,"778","1271","2144","641","1409","2134","686","1453","2139","594","1421","2015","565","1483","2048","583","1503","2086","577","1510","2087","668","1452","2120","626","1467","2093","597","1492","2089","608","1576","2196"
"364",04-21,04-21,WAKE,,"92",20312.02768870000,"1120","278","1473","1065","349","1466","1079","383","1462","1035","350","1385","996","409","1405","1046","410","1456","1028","420","1448","1076","377","1453","1091","353","1444","1035","411","1446","1046","404","1486"
"365",04 RAM,RAMSEYTOWN,YANCEY,,"100",156035.92907499999,"65","157","231","53","171","230","63","170","233","51","171","222","52","173","225","57","174","231","57","175","232","57","175","232","58","174","232","57","172","229","53","175","233"
"366","04.1",NORTH ASHEVILLE COMMUNITY CENTER,BUNCOMBE,,"11",32189.52431440000,"1087","77","1202","1041","132","1194","1052","131","1183","1000","143","1143","992","165","1157","1023","149","1172","1001","173","1174","1048","136","1184","1035","145","1180","993","175","1168","1047","138","1204"
"367","040",SPIRIT OF JOY LUTHERAN CHURCH,UNION,,"90",63904.20105850000,"1566","1534","3294","1333","1903","3310","1405","1911","3316","1210","1941","3151","1183","1990","3173","1199","2037","3236","1157","2063","3220","1336","1946","3282","1334","1917","3251","1198","2057","3255","1350","1967","3352"
"1767",G19,G19,GUILFORD,,"41",23283.10130490000,"930","284","1277","759","528","1316","807","506","1313","667","581","1248","605","669","1274","645","627","1272","643","622","1265","787","507","1294","839","465","1304","658","618","1276","761","533","1315"
"372","041","041",MECKLENBURG,,"60",59480.73973650000,"1354","176","1600","1369","172","1598","1409","196","1605","1368","190","1558","1346","195","1541","1412","197","1609","1392","213","1605","1409","198","1607","1387","217","1604","1390","215","1605","1343","212","1595"
"373","042",NEW SALEM BAPTIST CHURCH,UNION,,"90",74753.24419899999,"685","893","1685","602","995","1663","639","1027","1666","569","1017","1586","547","1051","1598","577","1065","1642","560","1075","1635","596","1060","1656","593","1061","1654","574","1074","1648","573","1116","1714"
"379","044","044",MECKLENBURG,,"60",27940.89784010000,"1312","197","1577","1205","328","1573","1273","313","1586","1142","365","1507","1119","413","1532","1131","436","1567","1104","457","1561","1205","363","1568","1193","377","1570","1105","457","1562","1203","357","1572"
"381","046","046",MECKLENBURG,,"60",28515.92115290000,"1594","316","2018","1511","428","2010","1608","413","2021","1459","455","1914","1429","493","1922","1484","512","1996","1469","527","1996","1532","466","1998","1536","456","1992","1445","543","1988","1503","474","2019"
"382","047","047",MECKLENBURG,,"60",29655.87340800000,"1815","554","2509","1530","937","2522","1670","868","2538","1359","1047","2406","1323","1109","2432","1356","1122","2478","1316","1170","2486","1528","973","2501","1540","960","2500","1298","1186","2484","1540","961","2524"
"393","05",CRANBERRY,AVERY,,"6",96212.42830499999,"43","189","240","32","192","234","37","201","238","32","190","222","27","198","225","35","193","228","32","198","230","40","192","232","36","191","227","33","197","230","36","208","244"
"394","05",EAST HARRIS,FRANKLIN,,"35",150095.57126600001,"774","1038","1887","677","1168","1896","701","1193","1894","645","1181","1826","575","1288","1863","629","1249","1878","633","1237","1870","737","1152","1889","682","1196","1878","657","1222","1879","629","1274","1920"
"1771",G20,G20,GUILFORD,,"41",34294.43424260000,"1470","450","2008","1217","763","2022","1281","736","2017","1092","849","1941","953","1038","1991","1069","926","1995","1092","899","1991","1258","744","2002","1331","684","2015","1094","893","1987","1217","805","2050"
"395","05",PATTERSON REC CENTER,DURHAM,,"32",33687.38598710000,"3288","258","3666","3127","385","3571","3199","395","3594","3050","382","3432","2997","456","3453","3066","447","3513","3064","462","3526","3156","387","3543","3192","348","3540","3022","502","3524","3220","450","3725"
"396","05",RIVER BEND,CRAVEN,,"25",51879.26252920000,"938","960","2034","803","1189","2054","837","1215","2052","714","1239","1953","681","1288","1969","751","1284","2035","703","1306","2009","799","1249","2048","796","1238","2034","717","1325","2042","745","1325","2098"
"397","05",HARRELL,MITCHELL,,"61",142424.13885700001,"121","467","610","107","488","609","109","502","611","100","489","589","95","499","594","103","501","604","97","497","594","104","501","605","106","492","598","99","506","605","99","525","631"
"398","05","05",WAYNE,,"96",83537.98564010000,"1142","1764","3027","945","2036","3045","983","2057","3040","883","2084","2967","815","2163","2978","867","2147","3014","859","2124","2983","1025","1998","3023","990","2028","3018","873","2139","3012","913","2130","3076"
"400","05",WOLF PIT  2,RICHMOND,,"77",51503.68819080000,"111","181","301","107","190","306","107","201","308","105","186","291","102","197","299","104","197","301","103","192","295","111","191","302","111","194","305","105","198","303","100","215","318"
"401",05-00,05-00,CABARRUS,,"13",106501.52866000000,"702","1521","2344","577","1711","2352","632","1722","2354","554","1712","2266","503","1785","2288","530","1801","2331","509","1815","2324","594","1746","2340","593","1738","2331","526","1798","2324","534","1826","2374"
"402",05-01,05-01,WAKE,,"92",40343.45998440000,"2359","787","3343","2164","1084","3348","2218","1116","3334","2036","1147","3183","1941","1279","3220","2069","1233","3302","2009","1272","3281","2211","1109","3320","2222","1087","3309","2030","1273","3303","2157","1174","3387"
"403",05-03,05-03,WAKE,,"92",82813.35549700000,"2624","844","3684","2330","1276","3701","2392","1314","3706","2175","1376","3551","2055","1519","3574","2204","1429","3633","2133","1491","3624","2363","1300","3663","2358","1294","3652","2111","1520","3631","2306","1363","3737"
"404",05-05,05-05,WAKE,,"92",102473.12073400000,"4688","1201","6179","4333","1660","6150","4456","1707","6163","4113","1754","5867","3955","1996","5951","4202","1878","6080","4084","1973","6057","4416","1703","6119","4401","1703","6104","4106","1979","6085","4349","1800","6243"
"405",05-06,05-06,WAKE,,"92",34760.49659850000,"3453","981","4676","3051","1538","4675","3127","1552","4679","2820","1629","4449","2688","1848","4536","2856","1737","4593","2774","1805","4579","3105","1531","4636","3107","1513","4620","2782","1824","4606","3023","1644","4749"
"406",05-07,05-07,WAKE,,"92",69044.61799260000,"5064","1478","6923","4805","1878","6882","4922","1950","6872","4624","1965","6589","4428","2225","6653","4710","2111","6821","4487","2315","6802","4875","1971","6846","4831","1985","6816","4559","2255","6814","4603","2169","6967"
"407",05-08,05-08,WAKE,,"92",67105.49319810000,"3027","790","4032","2926","950","4002","2977","1015","3992","2803","1021","3824","2670","1196","3866","2840","1119","3959","2772","1169","3941","2946","1027","3973","2928","1037","3965","2764","1192","3956","2809","1140","4054"
"408",05-10,05-10/05,SCOTLAND,,"83",168465.98512299999,"515","762","1323","473","798","1317","493","825","1318","495","783","1278","472","817","1289","484","825","1309","461","834","1295","503","812","1315","496","812","1308","487","822","1309","480","874","1356"
"409",05 GRE,GREEN MOUNTAIN,YANCEY,,"100",124136.79676000000,"125","237","374","102","254","365","113","253","366","101","253","354","101","259","360","102","268","370","104","258","362","110","256","366","120","245","365","104","260","364","101","268","374"
"410","05.1",ST EUGENES CHURCH,BUNCOMBE,,"11",48544.28862730000,"1973","229","2258","1851","378","2259","1856","387","2243","1731","405","2136","1731","466","2197","1780","440","2220","1750","459","2209","1855","389","2244","1838","389","2227","1756","471","2227","1866","384","2268"
"411","050","050",MECKLENBURG,,"60",25665.82168200000,"1085","330","1491","979","478","1501","1039","468","1507","905","514","1419","860","573","1433","911","581","1492","888","606","1494","964","536","1500","997","500","1497","883","608","1491","976","511","1508"
"412","0501",LEGGETT,EDGECOMBE,,"33",205336.94253999999,"262","176","449","247","196","449","250","201","451","239","201","440","235","207","442","235","213","448","239","206","445","256","195","451","247","202","449","240","209","449","236","213","452"
"413","0501",CAROLINA,PITT,,"74",263013.66040800000,"414","627","1075","388","676","1084","401","682","1083","364","675","1039","347","713","1060","372","703","1075","368","706","1074","399","679","1078","398","675","1073","370","704","1074","350","735","1093"
"414","0506",Francisco,STOKES,,"85",214377.83321300001,"367","791","1228","283","906","1227","311","918","1229","249","926","1175","212","989","1201","240","980","1220","237","983","1220","293","931","1224","315","909","1224","253","973","1226","239","991","1241"
"469","065","065",MECKLENBURG,,"60",19147.15471270000,"841","346","1262","765","481","1266","813","461","1274","696","506","1202","689","530","1219","710","540","1250","703","554","1257","759","499","1258","768","490","1258","681","571","1252","758","507","1279"
"415","051","051",MECKLENBURG,,"60",27128.63076890000,"1696","521","2351","1498","785","2345","1615","752","2367","1373","847","2220","1341","893","2234","1405","908","2313","1357","962","2319","1503","833","2336","1501","836","2337","1357","954","2311","1505","839","2380"
"418","052","052",MECKLENBURG,,"60",36649.99289450000,"2082","445","2659","2004","580","2657","2072","593","2665","1962","593","2555","1940","630","2570","1989","656","2645","1957","678","2635","2017","633","2650","2030","619","2649","1948","693","2641","1973","648","2658"
"422","054","054",MECKLENBURG,,"60",27648.60674440000,"1883","170","2139","1856","227","2137","1905","234","2139","1844","212","2056","1840","242","2082","1876","258","2134","1856","278","2134","1885","249","2134","1890","243","2133","1855","279","2134","1839","251","2130"
"420","053","053",MECKLENBURG,,"60",56927.88275990000,"1931","214","2232","1911","227","2226","2005","233","2238","1951","218","2169","1918","240","2158","1983","244","2227","1961","271","2232","1965","261","2226","1958","264","2222","1960","262","2222","1914","271","2234"
"425","056","056",MECKLENBURG,,"60",34886.51343960000,"983","94","1124","995","91","1129","1024","105","1129","1005","92","1097","987","106","1093","1031","99","1130","1014","112","1126","1026","103","1129","1024","103","1127","1020","108","1128","983","111","1123"
"424","055","055",MECKLENBURG,,"60",19089.19538830000,"941","74","1044","952","67","1044","975","67","1042","961","66","1027","946","72","1018","964","79","1043","963","82","1045","963","78","1041","969","76","1045","970","74","1044","937","73","1044"
"1774",G23,G23,GUILFORD,,"41",17919.33120480000,"811","247","1104","771","296","1095","786","310","1096","730","318","1048","659","408","1067","716","369","1085","730","348","1078","779","301","1080","805","285","1090","738","342","1080","759","338","1108"
"426","057","057",MECKLENBURG,,"60",29273.61789910000,"1575","521","2197","1326","829","2202","1432","786","2218","1210","914","2124","1117","1007","2124","1169","990","2159","1177","994","2171","1312","878","2190","1321","860","2181","1134","1041","2175","1330","879","2238"
"427","058","058",MECKLENBURG,,"60",25091.42769440000,"1302","479","1919","1160","698","1916","1249","676","1925","1082","734","1816","1052","785","1837","1101","807","1908","1067","836","1903","1163","737","1900","1171","740","1911","1077","827","1904","1144","755","1932"
"1775",G24,G24,GUILFORD,,"41",16157.46019870000,"903","205","1158","852","269","1143","870","283","1153","830","271","1101","778","334","1112","831","307","1138","818","315","1133","860","278","1138","868","272","1140","821","312","1133","854","303","1176"
"428","059","059",MECKLENBURG,,"60",21299.56236240000,"748","255","1072","680","365","1075","744","336","1080","633","384","1017","607","433","1040","630","436","1066","617","447","1064","689","384","1073","698","372","1070","625","444","1069","665","402","1079"
"429",05A,CHINA GROVE,ROWAN,,"80",89959.43368300000,"1066","2000","3292","892","2298","3291","960","2355","3315","847","2306","3153","764","2443","3207","829","2448","3277","809","2433","3242","929","2363","3292","959","2310","3269","826","2442","3268","839","2475","3351"
"430",05A,CAROLEEN-CLIFFSIDE,RUTHERFORD,,"81",175885.74875999999,"506","1279","1883","428","1405","1884","454","1429","1883","403","1420","1823","382","1444","1826","417","1454","1871","399","1454","1853","434","1436","1870","451","1413","1864","407","1459","1866","394","1511","1915"
"431",05A,FAIRMONT,ROBESON,,"78",167262.22801600001,"1115","813","1991","1071","806","1930","1043","893","1936","1058","814","1872","1015","848","1863","1046","857","1903","1026","856","1882","1101","817","1918","1055","849","1904","1067","838","1905","1124","973","2111"
"432","06",BOONE 2,WATAUGA,,"95",17997.56316970000,"1531","323","1967","1395","431","1887","1454","440","1894","1341","405","1746","1334","427","1761","1367","478","1845","1389","449","1838","1406","460","1866","1465","391","1856","1348","488","1836","1464","518","2012"
"433","06",LITTLE ROCK CREEK,MITCHELL,,"61",127426.76279500000,"95","301","409","79","325","411","85","326","411","73","318","391","71","327","398","77","330","407","80","325","405","78","333","411","85","326","411","73","334","407","73","344","423"
"434","06",BOONE 06,DAVIDSON,,"29",147394.40370600001,"682","1707","2566","508","1957","2563","569","2004","2573","487","1999","2486","405","2116","2521","466","2093","2559","463","2092","2555","537","2029","2566","597","1963","2560","475","2076","2551","425","2126","2584"
"435","06",CLAREMONT,CATAWBA,,"18",91420.00477800000,"734","1157","1976","551","1358","1965","567","1315","1882","521","1401","1922","460","1426","1886","504","1458","1962","477","1452","1929","556","1395","1951","576","1381","1957","505","1421","1926","550","1452","2017"
"436","06",WOLF PIT  3,RICHMOND,,"77",95460.04520050000,"277","605","914","246","637","909","258","654","912","240","637","877","208","672","880","231","669","900","228","665","893","263","644","907","242","659","901","235","662","897","227","704","937"
"437","06",ELK PARK,AVERY,,"6",75188.72797310000,"104","435","562","98","453","566","95","470","565","89","451","540","84","453","537","90","465","555","86","467","553","94","467","561","98","458","556","94","462","556","85","490","580"
"439","06",LAKEWOOD SCHOOL,DURHAM,,"32",35008.32507320000,"1346","87","1468","1330","107","1468","1341","117","1458","1301","130","1431","1279","153","1432","1304","144","1448","1304","146","1450","1345","110","1455","1331","122","1453","1298","154","1452","1327","113","1466"
"440","06","06",WAYNE,,"96",77770.89273710000,"978","954","2001","896","1065","2002","914","1083","1997","867","1088","1955","814","1144","1958","844","1139","1983","847","1116","1963","928","1069","1997","923","1064","1987","860","1127","1987","867","1153","2036"
"441","06",HELTON,ASHE,,"5",140331.04090100000,"121","245","393","104","277","396","119","273","392","94","286","380","77","307","384","85","304","389","85","298","383","101","291","392","93","301","394","84","302","386","87","307","397"
"442","06",FULTON,DAVIE,,"30",186338.54827299999,"552","1093","1731","446","1243","1742","461","1280","1741","401","1281","1682","335","1372","1707","391","1337","1728","387","1341","1728","449","1290","1739","474","1256","1730","390","1336","1726","409","1326","1753"
"445",06-00,06-00,CABARRUS,,"13",112069.33225399999,"427","1386","1895","333","1520","1895","349","1543","1892","281","1543","1824","236","1619","1855","255","1627","1882","258","1615","1873","330","1552","1882","326","1546","1872","292","1586","1878","287","1622","1916"
"443","06",BUNN,FRANKLIN,,"35",114953.48475400000,"757","576","1385","684","652","1376","698","669","1367","646","673","1319","593","746","1339","644","716","1360","646","706","1352","729","640","1369","696","667","1363","659","695","1354","668","714","1391"
"444","06",MILLSHOAL,MACON,,"56",189824.96005200001,"670","1041","1809","545","1208","1800","583","1212","1795","499","1215","1714","464","1278","1742","499","1262","1761","478","1280","1758","577","1215","1792","555","1211","1766","502","1266","1768","536","1310","1858"
"465","063","063",MECKLENBURG,,"60",24259.80195460000,"1056","311","1437","1034","343","1438","1071","369","1440","1022","366","1388","1009","382","1391","1046","394","1440","1034","409","1443","1064","381","1445","1044","397","1441","1030","412","1442","987","415","1440"
"446",06-04,06-04,WAKE,,"92",35705.39163220000,"2435","1033","3728","2219","1354","3710","2311","1404","3715","2098","1394","3492","1978","1606","3584","2135","1523","3658","2095","1556","3651","2261","1417","3678","2283","1375","3658","2083","1573","3656","2159","1521","3765"
"447",06-05,06-05,WAKE,,"92",43362.40798450000,"1647","1021","2876","1373","1438","2891","1403","1496","2899","1255","1504","2759","1127","1687","2814","1238","1620","2858","1204","1647","2851","1402","1468","2870","1449","1423","2872","1213","1640","2853","1356","1518","2911"
"448",06-06,06-06,WAKE,,"92",36423.50703710000,"3846","1554","5818","3364","2276","5821","3513","2315","5828","3148","2358","5506","2966","2673","5639","3209","2536","5745","3078","2636","5714","3442","2332","5774","3530","2236","5766","3089","2654","5743","3292","2482","5901"
"449",06-07,06-07,WAKE,,"92",43232.94865880000,"2042","900","3146","1845","1201","3141","1923","1216","3139","1741","1227","2968","1636","1397","3033","1765","1321","3086","1708","1371","3079","1897","1220","3117","1883","1220","3103","1686","1403","3089","1818","1295","3189"
"450",06-08,06-08,WAKE,,"92",46211.18352220000,"1333","555","2034","1210","746","2032","1272","755","2027","1175","758","1933","1084","884","1968","1180","826","2006","1144","854","1998","1261","747","2008","1277","738","2015","1145","855","2000","1221","803","2068"
"452",06-10,06-10,WAKE,,"92",109666.30293799999,"3061","1633","5047","2702","2161","5035","2807","2229","5036","2543","2257","4800","2389","2460","4849","2538","2433","4971","2487","2469","4956","2766","2226","4992","2773","2201","4974","2495","2483","4978","2628","2378","5110"
"453",06-89,06-89/06,SCOTLAND,,"83",315539.20520199998,"769","1339","2184","712","1413","2176","727","1458","2185","719","1391","2110","665","1460","2125","680","1474","2154","691","1457","2148","755","1418","2173","712","1448","2160","696","1464","2160","688","1543","2245"
"454",06 JAC,JACKS CREEK,YANCEY,,"100",128119.81323000000,"490","648","1182","415","718","1171","438","728","1166","399","686","1085","377","737","1114","410","722","1132","396","727","1123","435","715","1150","421","726","1147","410","723","1133","378","796","1194"
"455","06.1",TRINITY PRESBYTERIAN CHURCH,BUNCOMBE,,"11",27943.78114680000,"991","165","1186","944","211","1175","956","217","1173","913","219","1132","877","265","1142","931","232","1163","926","238","1164","949","221","1170","937","227","1164","923","238","1161","951","228","1200"
"466","064","064",MECKLENBURG,,"60",20385.54514490000,"725","205","972","697","256","978","717","262","979","677","270","947","666","279","945","693","277","970","663","306","969","697","274","971","693","276","969","670","294","964","678","274","971"
"456","060","060",MECKLENBURG,,"60",35217.57866000000,"1209","105","1352","1207","111","1350","1236","120","1356","1220","109","1329","1204","118","1322","1231","127","1358","1211","138","1349","1237","120","1357","1234","121","1355","1227","129","1356","1175","128","1347"
"457","0601",CHICOD,PITT,,"74",214751.86095500001,"1392","2580","4145","1100","2952","4146","1181","2955","4136","1003","2950","3953","925","3106","4031","1019","3093","4112","985","3107","4092","1198","2933","4131","1196","2919","4115","1001","3098","4099","1043","3140","4220"
"458","0601",WHITAKERS,EDGECOMBE,,"33",322632.49551699997,"493","166","672","485","178","677","484","193","677","477","186","663","470","196","666","476","198","674","481","192","673","489","190","679","489","190","679","482","193","675","484","193","682"
"460","061","061",MECKLENBURG,,"60",29997.22216610000,"1409","310","1804","1357","402","1803","1396","413","1809","1289","433","1722","1259","484","1743","1295","491","1786","1290","494","1784","1352","440","1792","1330","459","1789","1296","493","1789","1311","475","1827"
"462","062","062",MECKLENBURG,,"60",22306.41231460000,"973","276","1314","976","296","1312","1001","316","1317","968","297","1265","945","315","1260","977","332","1309","969","339","1308","991","320","1311","964","338","1302","976","332","1308","945","350","1321"
"464","063",GRAHAM 3,ALAMANCE,,"1",49145.31705080000,"1242","467","1774","1188","532","1762","1204","560","1764","1144","574","1718","1092","630","1722","1155","599","1754","1159","598","1757","1197","564","1761","1188","572","1760","1141","615","1756","1165","616","1808"
"467","064",GRAHAM 4,ALAMANCE,,"1",56827.70512790000,"2086","1634","3932","1832","2006","3964","1887","2075","3962","1721","2100","3821","1573","2306","3879","1690","2260","3950","1680","2248","3928","1872","2086","3958","1924","2019","3943","1738","2199","3937","1715","2230","3985"
"1776",G25,G25,GUILFORD,,"41",21248.63213740000,"977","343","1378","877","476","1395","908","484","1392","830","497","1327","727","616","1343","808","556","1364","828","531","1359","891","478","1369","927","455","1382","832","536","1368","871","522","1407"
"505",07-02,07-02,WAKE,,"92",18684.03148890000,"1072","258","1402","916","455","1408","954","455","1409","811","516","1327","720","649","1369","819","561","1380","807","562","1369","949","445","1394","964","422","1386","824","550","1374","932","479","1425"
"471","066","066",MECKLENBURG,,"60",21282.40438180000,"1038","303","1420","939","455","1429","1010","431","1441","850","498","1348","839","540","1379","872","542","1414","844","571","1415","921","498","1419","959","467","1426","827","592","1419","927","494","1438"
"474","067","067",MECKLENBURG,,"60",21935.83361350000,"919","380","1358","777","567","1368","834","538","1372","710","602","1312","698","633","1331","726","633","1359","677","679","1356","778","583","1361","784","569","1353","693","660","1353","769","589","1373"
"476","068","068",MECKLENBURG,,"60",22600.31733170000,"707","251","1008","651","332","1005","684","327","1011","596","363","959","590","382","972","607","384","991","597","392","989","661","338","999","655","343","998","598","394","992","649","349","1011"
"477","069","069",MECKLENBURG,,"60",56153.67899470000,"2379","1216","3812","2058","1753","3869","2216","1676","3892","1841","1887","3728","1775","1964","3739","1852","1966","3818","1792","2038","3830","2019","1819","3838","2063","1779","3842","1806","2020","3826","2046","1785","3884"
"478",06A,CHIMNEY ROCK,RUTHERFORD,,"81",222397.05574400001,"987","959","2061","860","1155","2064","911","1158","2069","810","1171","1981","797","1198","1995","831","1212","2043","811","1219","2030","863","1197","2060","837","1216","2053","825","1224","2049","863","1202","2085"
"479",06A,PRATHERS CREEK,ALLEGHANY,,"3",235093.46542800000,"465","824","1353","369","952","1350","384","963","1347","338","951","1289","261","1066","1327","324","1009","1333","326","1000","1326","390","945","1335","431","910","1341","339","988","1327","328","1032","1369"
"482",06N,NORTH GRAHAM,ALAMANCE,,"1",32699.52849780000,"1042","444","1566","990","505","1552","1034","523","1557","977","515","1492","940","558","1498","987","553","1540","985","551","1536","1028","514","1542","1030","516","1546","992","542","1534","997","565","1583"
"483",06S,SOUTH GRAHAM,ALAMANCE,,"1",58327.99642780000,"1505","1102","2728","1342","1325","2746","1394","1351","2745","1283","1366","2649","1196","1484","2680","1278","1455","2733","1280","1438","2718","1395","1343","2738","1403","1318","2721","1278","1444","2722","1278","1462","2769"
"480",06B,PUPPY CREEK,HOKE,,"47",75091.55383880000,"2298","1170","3630","2270","1183","3616","1972","1631","3603","1982","1407","3389","2345","1050","3395","2038","1461","3499","1723","1774","3497","2045","1539","3584","2087","1455","3542","1774","1778","3552","1763","1870","3678"
"481",06E,EAST GRAHAM,ALAMANCE,,"1",52840.26836950000,"989","612","1688","900","725","1689","939","756","1695","870","755","1625","818","831","1649","857","824","1681","871","811","1682","937","747","1684","934","743","1677","871","805","1676","875","822","1723"
"490","07",CONOVER WEST,CATAWBA,,"18",81900.50367429999,"978","1169","2256","866","1265","2194","866","1267","2133","812","1328","2140","769","1351","2120","830","1380","2210","795","1374","2169","874","1328","2202","883","1331","2214","806","1377","2183","841","1422","2291"
"491","07","07",SCOTLAND,,"83",262926.31923999998,"1184","915","2156","1160","947","2155","1195","973","2168","1153","936","2089","1098","998","2096","1152","1001","2153","1135","1000","2135","1204","956","2160","1185","964","2149","1157","991","2148","1154","1014","2186"
"492","07",PEARCES,FRANKLIN,,"35",86259.80210900000,"557","909","1558","469","1053","1565","486","1066","1552","433","1057","1490","389","1146","1535","442","1099","1541","423","1119","1542","509","1037","1546","491","1050","1541","445","1090","1535","442","1128","1583"
"493","07",ELLIJAY,MACON,,"56",162651.46926799999,"618","1004","1711","501","1139","1693","530","1167","1697","477","1126","1603","450","1190","1640","476","1188","1664","471","1192","1663","527","1155","1682","499","1173","1672","484","1185","1669","492","1221","1735"
"494","07",BRUSHY FORK,WATAUGA,,"95",124828.64011800000,"1839","879","2856","1682","1060","2816","1770","1056","2826","1592","1045","2637","1514","1171","2685","1611","1149","2760","1607","1135","2742","1705","1071","2776","1714","1058","2772","1596","1156","2752","1662","1192","2890"
"484",06W,WEST GRAHAM,ALAMANCE,,"1",24961.55509210000,"460","260","761","423","311","754","436","320","756","412","324","736","383","353","736","407","343","750","411","338","749","429","323","752","441","309","750","410","339","749","403","358","770"
"485","07",FRANK,AVERY,,"6",43400.58439810000,"22","143","169","19","148","168","20","147","167","18","142","160","12","151","163","16","148","164","18","145","163","18","148","166","17","148","165","19","145","164","18","154","173"
"486","07",ALBRIGHT,ALAMANCE,,"1",106270.82984900000,"850","1726","2702","687","1931","2691","718","1980","2698","614","2008","2622","529","2144","2673","588","2095","2683","593","2085","2678","714","1978","2692","752","1926","2678","606","2077","2683","627","2087","2731"
"487","07",WOLF PIT  4,RICHMOND,,"77",153704.24619400001,"287","357","666","266","372","659","287","378","665","268","374","642","257","393","650","257","403","660","262","391","653","282","381","663","264","397","661","264","392","656","261","408","679"
"488","07",JERUSALEM,DAVIE,,"30",176432.56073800000,"466","980","1545","372","1128","1547","425","1130","1555","354","1156","1510","311","1213","1524","358","1187","1545","345","1203","1548","404","1146","1550","411","1138","1549","352","1194","1546","343","1206","1563"
"489","07",CLEVELAND,ROWAN,,"80",136054.16274699999,"521","936","1545","473","1018","1546","500","1037","1537","447","1019","1466","407","1074","1481","457","1068","1525","444","1070","1514","478","1060","1538","482","1047","1529","452","1069","1521","452","1112","1577"
"498","07",GADDYS,ROBESON,,"78",110330.00276000000,"211","242","478","241","219","479","224","257","481","223","231","454","206","255","461","215","257","472","205","261","466","243","234","477","227","251","478","232","243","475","204","294","502"
"499","07",REYNOLDS,STOKES,,"85",184180.44590699999,"180","347","565","136","405","567","151","408","559","132","398","530","115","433","548","125","434","559","131","426","557","149","410","559","162","396","558","132","426","558","126","440","574"
"1779",G28,G28,GUILFORD,,"41",17663.59183380000,"633","193","873","582","267","877","591","285","876","552","284","836","507","352","859","545","324","869","547","318","865","581","294","875","604","273","877","561","306","867","565","309","887"
"500","07",HIGHLAND,GASTON,,"36",37633.77332520001,"564","63","650","569","63","652","577","72","649","556","71","627","564","69","633","569","75","644","566","76","642","567","78","645","573","78","651","568","80","648","573","83","663"
"501","07",JASPER,CRAVEN,,"25",279623.57474000001,"765","991","1820","689","1073","1815","721","1099","1820","665","1093","1758","640","1137","1777","670","1136","1806","651","1142","1793","724","1086","1810","719","1083","1802","658","1146","1804","662","1169","1840"
"502","07",HORSE CREEK,ASHE,,"5",125263.63651300000,"101","160","277","88","175","277","88","192","280","79","178","257","76","193","269","88","192","280","81","196","277","96","181","277","99","179","278","92","183","275","80","196","280"
"503",07-00,07-00,CABARRUS,,"13",116025.58134200000,"250","829","1121","193","916","1129","204","931","1135","164","911","1075","155","957","1112","167","953","1120","174","940","1114","192","929","1121","200","914","1114","164","961","1125","172","957","1139"
"506",07-03,07-03,WAKE,,"92",25793.68260190000,"1044","298","1421","900","493","1424","933","492","1425","817","533","1350","711","684","1395","801","595","1396","794","595","1389","940","472","1412","940","472","1412","805","592","1397","897","521","1437"
"504",07-01,07-01,WAKE,,"92",35600.31275260001,"1183","274","1563","1095","416","1571","1146","428","1574","1044","453","1497","930","588","1518","1039","516","1555","1042","511","1553","1149","412","1561","1149","414","1563","1035","521","1556","1113","450","1592"
"1780",G29,G29,GUILFORD,,"41",28863.45871880000,"874","242","1177","809","334","1178","833","347","1180","779","346","1125","734","405","1139","769","387","1156","768","382","1150","817","347","1164","818","343","1161","774","381","1155","813","360","1196"
"507",07-04,07-04,WAKE,,"92",34489.66667040000,"2545","657","3384","2340","917","3370","2422","944","3366","2202","969","3171","2029","1222","3251","2235","1084","3319","2207","1100","3307","2411","939","3350","2402","932","3334","2211","1115","3326","2323","1028","3427"
"508",07-05,07-05,WAKE,,"92",23094.61783040000,"1204","303","1589","1062","487","1587","1109","484","1593","1003","516","1519","919","640","1559","1001","569","1570","994","568","1562","1113","471","1584","1115","461","1576","1016","551","1567","1060","523","1608"
"510",07-07,07-07,WAKE,,"92",28635.17097900000,"2277","701","3141","2020","1085","3171","2074","1103","3177","1854","1172","3026","1650","1442","3092","1870","1270","3140","1835","1290","3125","2074","1078","3152","2111","1045","3156","1834","1297","3131","1991","1157","3200"
"509",07-06,07-06,WAKE,,"92",28901.37050510000,"2352","712","3245","2029","1196","3296","2081","1216","3297","1830","1310","3140","1526","1707","3233","1794","1456","3250","1763","1463","3226","2117","1159","3276","2104","1167","3271","1766","1481","3247","2011","1271","3327"
"513",07-11,07-11,WAKE,,"92",17295.21955960000,"782","216","1050","683","363","1063","700","361","1061","611","398","1009","535","500","1035","624","411","1035","612","418","1030","720","335","1055","703","341","1044","617","422","1039","665","377","1063"
"511",07-09,07-09,WAKE,,"92",28126.92110290000,"2043","559","2756","1818","860","2763","1902","876","2778","1685","950","2635","1551","1130","2681","1721","1014","2735","1704","1023","2727","1872","864","2736","1897","844","2741","1698","1025","2723","1833","948","2813"
"512",07-10,07-10,WAKE,,"92",71859.23515650000,"3367","856","4462","3070","1278","4471","3204","1258","4462","2916","1304","4220","2713","1603","4316","2944","1455","4399","2869","1509","4378","3150","1270","4420","3171","1257","4428","2896","1500","4396","3080","1364","4522"
"514",07-12,07-12,WAKE,,"92",30663.64384630000,"1748","427","2297","1600","654","2311","1643","664","2307","1460","718","2178","1317","904","2221","1469","800","2269","1466","785","2251","1638","646","2284","1638","634","2272","1476","784","2260","1569","736","2332"
"524","072","072",MECKLENBURG,,"60",18854.49113920000,"931","316","1330","780","516","1327","865","475","1340","699","556","1255","667","600","1267","705","600","1305","681","635","1316","786","528","1314","811","504","1315","671","640","1311","806","511","1331"
"515",07-13,07-13,WAKE,,"92",21462.35985490000,"1478","426","2006","1338","624","2015","1372","647","2019","1245","676","1921","1137","811","1948","1263","733","1996","1245","738","1983","1387","612","1999","1374","618","1992","1252","736","1988","1329","675","2037"
"516",07 BRU,BRUSH CREEK,YANCEY,,"100",104436.61403000000,"121","216","354","100","235","347","116","236","352","107","227","334","100","238","338","105","236","341","107","230","337","109","240","349","112","235","347","104","239","343","106","251","360"
"536","08",RED HILL,MITCHELL,,"61",95328.99765140000,"48","179","239","37","197","242","41","200","241","36","197","233","34","202","236","40","197","237","38","198","236","43","194","237","40","198","238","36","201","237","36","208","245"
"537","08",FLINTY KNOLL,STOKES,,"85",199030.74220199999,"295","810","1162","217","898","1163","243","922","1165","192","930","1122","160","982","1142","183","980","1163","175","983","1158","220","944","1164","250","917","1167","193","967","1160","193","979","1180"
"755",12-11,12-11,CABARRUS,,"13",36681.73564530001,"683","435","1191","638","502","1181","670","512","1182","612","507","1119","585","547","1132","629","545","1174","607","556","1163","646","530","1176","643","532","1175","620","552","1172","620","574","1209"
"517","07.1",KENILWORTH PRESBYTERIAN CHURCH,BUNCOMBE,,"11",31973.66985430000,"1357","120","1512","1322","160","1504","1339","171","1510","1287","163","1450","1265","201","1466","1301","195","1496","1298","197","1495","1327","176","1503","1336","166","1502","1295","204","1499","1318","178","1523"
"518","070","070",MECKLENBURG,,"60",32461.62268450000,"1403","490","2032","1148","865","2048","1270","798","2068","1006","955","1961","983","1009","1992","1017","997","2014","978","1043","2021","1146","893","2039","1153","877","2030","967","1066","2033","1182","854","2055"
"519","0701",BATTLEBORO,EDGECOMBE,,"33",302368.30639200000,"843","250","1112","830","270","1118","844","275","1119","820","283","1103","798","304","1102","813","301","1114","809","297","1106","849","272","1121","826","293","1119","823","296","1119","822","300","1126"
"520","0701",FALKLAND,PITT,,"74",200600.63283200000,"807","822","1699","712","951","1703","722","987","1709","663","993","1656","620","1060","1680","662","1045","1707","658","1045","1703","729","977","1706","744","962","1706","663","1039","1702","674","1040","1733"
"521","071","071",MECKLENBURG,,"60",29422.58514170000,"1377","560","2042","1084","936","2062","1218","861","2079","938","1042","1980","906","1077","1983","927","1112","2039","924","1124","2048","1096","958","2054","1088","959","2047","895","1149","2044","1108","950","2073"
"541","08",MOREHEAD MONTESSORI,DURHAM,,"32",20248.04904140000,"2092","104","2278","2087","125","2272","2110","153","2263","2056","138","2194","2018","189","2207","2080","172","2252","2067","176","2243","2120","133","2253","2112","145","2257","2064","190","2254","2081","139","2279"
"525","073","073",MECKLENBURG,,"60",20631.62165250000,"995","380","1463","877","567","1477","927","557","1484","819","591","1410","786","639","1425","833","628","1461","798","665","1463","881","588","1469","896","564","1460","791","670","1461","857","598","1476"
"544","08",COVE CREEK,WATAUGA,,"95",133115.22313100001,"710","1031","1817","628","1125","1811","639","1156","1795","600","1125","1725","569","1192","1761","603","1180","1783","594","1177","1771","631","1167","1798","639","1136","1775","591","1187","1778","596","1239","1862"
"545","08",SUGARFORK,MACON,,"56",154537.44549799999,"129","225","381","98","272","383","103","280","383","86","273","359","88","276","364","89","283","372","91","279","370","98","277","375","101","266","367","87","281","368","94","287","388"
"546","08",EAST HOWELLSVILLE,ROBESON,,"78",145747.53325600000,"312","899","1259","274","952","1242","289","971","1260","273","938","1211","243","976","1219","268","966","1234","269","957","1226","312","920","1232","286","946","1232","282","949","1231","252","1029","1283"
"527","074","074",MECKLENBURG,,"60",27408.87645010000,"1957","754","2895","1662","1207","2929","1798","1134","2932","1513","1288","2801","1476","1359","2835","1500","1387","2887","1476","1430","2906","1666","1241","2907","1709","1202","2911","1442","1445","2887","1667","1259","2951"
"586","09",GRIER,GASTON,,"36",24752.06656120000,"740","496","1308","693","564","1307","724","583","1307","659","581","1240","649","606","1255","668","631","1299","660","633","1293","685","614","1299","685","615","1300","669","626","1295","689","636","1335"
"587","09",MARKS CREEK  2,RICHMOND,,"77",167389.76536100000,"1486","1927","3538","1396","2066","3533","1440","2100","3540","1361","2070","3431","1295","2162","3457","1335","2177","3512","1353","2119","3472","1441","2095","3536","1412","2098","3510","1369","2138","3507","1322","2272","3609"
"588","09",SOUTH MOCKSVILLE,DAVIE,,"30",116154.19277100000,"624","884","1611","498","1051","1605","554","1057","1611","473","1064","1537","437","1132","1569","453","1145","1598","453","1144","1597","538","1067","1605","562","1035","1597","483","1115","1598","474","1119","1621"
"589","09",SNOW CREEK,MITCHELL,,"61",127293.58481600000,"308","694","1034","271","735","1032","286","742","1028","264","728","992","235","768","1003","273","747","1020","261","752","1013","280","736","1016","283","738","1021","273","740","1013","264","776","1043"
"590","09",JEFFERSON,ASHE,,"5",201945.24695100001,"988","1524","2650","805","1787","2672","865","1809","2674","756","1803","2559","641","1964","2605","727","1907","2634","690","1924","2614","870","1780","2650","842","1796","2638","764","1877","2641","753","1964","2742"
"591","09",HIGHLANDS,MACON,,"56",220736.76473299999,"961","898","1961","808","1133","1980","849","1123","1972","776","1129","1905","759","1143","1902","779","1166","1945","755","1185","1940","830","1141","1971","805","1143","1948","777","1166","1943","821","1169","2000"
"592","09",PINNACLE,STOKES,,"85",193097.31651900001,"481","1157","1716","376","1305","1731","397","1328","1725","353","1320","1673","296","1400","1696","335","1395","1730","332","1389","1721","400","1329","1729","417","1300","1717","338","1380","1718","338","1403","1750"
"593","09","09",WAYNE,,"96",172305.29826499999,"673","1234","2008","588","1386","2020","614","1406","2020","563","1403","1966","487","1489","1976","536","1478","2014","534","1459","1993","653","1358","2011","613","1390","2003","546","1453","1999","570","1460","2053"
"594","09",ELK,WATAUGA,,"95",107714.92572600000,"248","254","537","211","303","538","223","315","538","197","302","499","188","314","502","193","329","522","187","332","519","220","309","529","216","299","515","199","326","525","210","325","543"
"530","075","075",MECKLENBURG,,"60",26448.87737500000,"1927","775","2901","1596","1276","2933","1721","1234","2955","1421","1376","2797","1374","1456","2830","1398","1497","2895","1364","1534","2898","1576","1342","2918","1582","1315","2897","1373","1524","2897","1607","1317","2960"
"531","076","076",MECKLENBURG,,"60",30609.78975570000,"1701","650","2496","1464","984","2512","1566","962","2528","1343","1036","2379","1300","1113","2413","1310","1153","2463","1279","1203","2482","1459","1022","2481","1480","1006","2486","1290","1182","2472","1452","1043","2532"
"532","077","077",MECKLENBURG,,"60",56987.62204980000,"1749","260","2104","1743","279","2094","1793","306","2099","1736","295","2031","1721","310","2031","1772","325","2097","1758","336","2094","1785","309","2094","1774","322","2096","1740","355","2095","1747","306","2099"
"533","078.1","078.1",MECKLENBURG,,"60",46017.59112070000,"1928","440","2497","1861","543","2497","1943","547","2490","1825","544","2369","1792","598","2390","1863","605","2468","1838","633","2471","1885","591","2476","1894","577","2471","1826","641","2467","1846","609","2500"
"534","079","079",MECKLENBURG,,"60",50752.19179170000,"1206","358","1639","1171","404","1639","1224","413","1637","1157","427","1584","1137","436","1573","1188","442","1630","1166","464","1630","1200","434","1634","1177","456","1633","1169","457","1626","1162","464","1650"
"756",12-12,12-12,CABARRUS,,"13",36324.66692130000,"792","666","1563","725","778","1561","765","803","1568","691","790","1481","651","832","1483","692","851","1543","688","846","1534","729","824","1553","731","823","1554","698","851","1549","707","872","1605"
"535","08",HURRICANE,ASHE,,"5",124323.05558099999,"57","98","163","51","108","166","59","109","168","49","108","157","51","109","160","56","109","165","54","110","164","58","107","165","55","111","166","49","116","165","52","109","167"
"538","08",CENTRAL 08,DAVIDSON,,"29",59208.49675700000,"353","502","914","304","573","917","328","586","914","276","602","878","239","656","895","263","649","912","275","638","913","329","586","915","340","570","910","279","633","912","258","648","930"
"539","08",HEATON,AVERY,,"6",59720.17496260000,"48","198","255","42","210","257","45","212","257","35","211","246","34","215","249","38","217","255","34","219","253","43","213","256","41","211","252","36","217","253","36","221","259"
"540","08","08",WAYNE,,"96",222460.13383199999,"578","1372","2028","483","1478","2021","515","1513","2028","440","1530","1970","391","1581","1972","432","1580","2012","435","1560","1995","537","1479","2016","511","1502","2013","450","1558","2008","443","1603","2061"
"542","08",CONOVER EAST,CATAWBA,,"18",51603.89798410000,"889","1120","2118","712","1328","2086","743","1275","2018","646","1378","2024","570","1424","1994","628","1463","2091","593","1444","2037","704","1380","2084","738","1341","2079","622","1435","2057","676","1472","2168"
"543","08",NORTH MOCKS-CITY,DAVIE,,"30",89072.84819100000,"673","671","1425","600","770","1431","655","771","1426","588","784","1372","534","845","1379","587","842","1429","574","844","1418","630","798","1428","634","786","1420","590","834","1424","580","838","1444"
"547","08",WOODHILL,GASTON,,"36",38972.78084210000,"798","349","1198","781","378","1196","797","399","1196","763","375","1138","741","398","1139","783","406","1189","776","414","1190","780","411","1191","781","409","1190","764","417","1181","774","430","1217"
"548","08",MARKS CREEK  1,RICHMOND,,"77",190741.04981000000,"1261","1125","2476","1236","1173","2472","1268","1214","2482","1215","1179","2394","1168","1242","2410","1199","1262","2461","1201","1244","2445","1268","1195","2463","1239","1214","2453","1216","1240","2456","1185","1295","2510"
"549","08",SOUTH LOCKE,ROWAN,,"80",71527.30841110002,"1002","1474","2628","863","1694","2639","896","1748","2644","770","1735","2505","691","1868","2559","744","1859","2603","757","1822","2579","872","1758","2630","860","1744","2604","758","1834","2592","802","1866","2681"
"550","08",CYPRESS CREEK,FRANKLIN,,"35",158916.29015700001,"1403","1424","2989","1212","1667","2973","1256","1712","2968","1140","1709","2849","1030","1857","2887","1120","1820","2940","1123","1811","2934","1250","1706","2956","1220","1738","2958","1126","1800","2926","1179","1840","3033"
"971",17-10,17-10,WAKE,,"92",22333.05165960000,"738","236","1032","684","294","1016","709","310","1019","673","309","982","632","368","1000","677","332","1009","664","343","1007","713","307","1020","698","315","1013","683","329","1012","692","348","1050"
"551",08-00,08-00,CABARRUS,,"13",131442.88127700001,"989","2280","3433","796","2547","3421","837","2601","3438","718","2578","3296","619","2720","3339","682","2712","3394","663","2706","3369","796","2606","3402","821","2570","3391","695","2696","3391","706","2747","3482"
"552",08-02,08-02,WAKE,,"92",44046.93560580000,"2649","763","3647","2362","1224","3673","2424","1243","3667","2169","1300","3469","1896","1666","3562","2186","1410","3596","2122","1471","3593","2437","1199","3636","2476","1160","3636","2154","1458","3612","2352","1286","3699"
"553",08-03,08-03,WAKE,,"92",69988.88708910000,"3828","1125","5259","3430","1635","5238","3585","1665","5250","3190","1720","4910","3026","2032","5058","3268","1888","5156","3192","1946","5138","3500","1690","5190","3587","1613","5200","3218","1950","5168","3454","1783","5315"
"554",08-04,08-04,WAKE,,"92",36571.19074790000,"1023","517","1668","881","749","1679","919","765","1684","809","771","1580","728","913","1641","820","844","1664","794","863","1657","920","755","1675","944","729","1673","817","851","1668","899","772","1692"
"1215","31",SHERRILLS FORD,CATAWBA,,"18",147426.32415500001,"1605","2822","4727","1271","3248","4637","1278","3167","4445","1157","3353","4510","1084","3356","4440","1171","3482","4653","1081","3475","4556","1244","3380","4624","1275","3387","4662","1120","3462","4582","1223","3533","4796"
"1216","31",BETHESDA RURITAN CLUB,DURHAM,,"32",81661.96873460000,"4851","932","6018","4634","1158","5962","4769","1217","5986","4466","1235","5701","4358","1401","5759","4597","1323","5920","4530","1397","5927","4762","1190","5952","4716","1217","5933","4478","1425","5903","4599","1307","6041"
"1217","31",TRADING FORD,ROWAN,,"80",120414.53736500000,"482","796","1345","384","926","1344","425","924","1349","354","932","1286","312","993","1305","323","1000","1323","327","984","1311","396","943","1339","392","939","1331","345","982","1327","359","1002","1368"
"1219","31",UNION,GASTON,,"36",118439.23111500000,"1216","1817","3208","1043","2090","3217","1124","2110","3234","980","2130","3110","968","2157","3125","973","2206","3179","960","2211","3171","1026","2159","3185","1014","2170","3184","969","2212","3181","995","2253","3281"
"1220","31.1",BILTMORE FOREST TOWN HALL,BUNCOMBE,,"11",61378.56831250000,"742","290","1081","628","439","1085","654","432","1086","571","451","1022","533","517","1050","567","489","1056","560","491","1051","634","438","1072","637","434","1071","555","508","1063","661","430","1101"
"1221","32",NEAL MIDDLE SCHOOL,DURHAM,,"32",141553.91197200000,"4282","1593","6169","3879","2193","6189","3989","2208","6197","3689","2304","5993","3433","2598","6031","3680","2433","6113","3641","2452","6093","3972","2199","6171","3952","2184","6136","3656","2463","6119","3898","2275","6245"
"555",08-05,08-05,WAKE,,"92",24321.49206720000,"1357","463","1947","1193","711","1950","1238","711","1949","1088","770","1858","937","969","1906","1085","834","1919","1066","842","1908","1239","697","1936","1248","686","1934","1062","856","1918","1181","755","1968"
"614","095","095",MECKLENBURG,,"60",22372.42093170000,"985","247","1278","956","280","1273","991","287","1278","957","284","1241","941","304","1245","968","305","1273","955","315","1270","982","294","1276","971","296","1267","955","317","1272","925","316","1269"
"556",08-06,08-06,WAKE,,"92",20112.97264240000,"1333","260","1686","1286","346","1681","1316","368","1684","1192","363","1555","1151","457","1608","1238","420","1658","1225","428","1653","1305","361","1666","1308","355","1663","1224","437","1661","1272","393","1701"
"557",08-07,08-07,WAKE,,"92",45146.29869690000,"1508","654","2355","1243","1080","2388","1332","1045","2377","1139","1108","2247","1000","1306","2306","1152","1197","2349","1083","1246","2329","1331","1040","2371","1313","1037","2350","1110","1238","2348","1288","1082","2405"
"558",08-08,08-08,WAKE,,"92",37045.91134440001,"2730","980","3949","2393","1455","3944","2479","1474","3953","2200","1526","3726","2004","1810","3814","2201","1690","3891","2143","1728","3871","2459","1449","3908","2495","1401","3896","2157","1726","3883","2370","1552","3984"
"559",08-09,08-09,WAKE,,"92",27387.36303900000,"1225","385","1710","1120","528","1704","1145","560","1705","1042","549","1591","969","679","1648","1060","620","1680","1054","626","1680","1143","550","1693","1161","528","1689","1035","644","1679","1124","576","1718"
"1795",G3A-1,PEARCES MILL 2-G3A-1,CUMBERLAND,,"26",34701.69063990000,"1722","626","2454","1672","689","2454","1717","734","2451","1663","691","2354","1632","712","2344","1690","743","2433","1655","756","2411","1739","709","2448","1711","725","2436","1687","736","2423","1673","789","2489"
"560",08-10,08-10,WAKE,,"92",27553.32751780000,"1833","505","2472","1644","748","2457","1706","760","2466","1515","803","2318","1408","954","2362","1540","881","2421","1509","892","2401","1679","758","2437","1687","756","2443","1507","910","2417","1667","784","2494"
"1805",G42B,G42B,GUILFORD,,"41",14803.04251640000,"706","171","911","618","283","919","636","290","926","577","319","896","480","436","916","541","362","903","558","342","900","640","280","920","662","256","918","577","330","907","611","315","937"
"561",08-11,08-11,WAKE,,"92",36819.27365550000,"2641","813","3653","2341","1181","3620","2415","1208","3623","2197","1228","3425","2017","1491","3508","2208","1349","3557","2168","1391","3559","2416","1175","3591","2430","1161","3591","2144","1416","3560","2354","1273","3697"
"562",08 CRA,CRABTREE,YANCEY,,"100",174120.40786100001,"675","1196","1946","600","1289","1937","609","1329","1938","581","1283","1864","552","1344","1896","568","1352","1920","558","1344","1902","609","1324","1933","593","1321","1914","583","1332","1915","529","1434","1975"
"563","08.2",SHILOH COMMUNITY CENTER,BUNCOMBE,,"11",37070.33976880000,"1592","268","1939","1546","343","1933","1570","355","1925","1502","332","1834","1478","389","1867","1544","370","1914","1513","395","1908","1554","362","1916","1550","359","1909","1510","401","1911","1540","411","1979"
"564","08.3",FAITH TABERNACLE CHRISTIAN CENTER,BUNCOMBE,,"11",59213.44081110000,"1577","364","2031","1498","441","2005","1536","475","2011","1457","441","1898","1430","490","1920","1496","480","1976","1466","506","1972","1524","457","1981","1511","468","1979","1472","511","1983","1528","509","2072"
"565","080","080",MECKLENBURG,,"60",47039.12510080000,"2175","515","2801","2151","566","2802","2209","596","2805","2122","586","2708","2084","617","2701","2175","625","2800","2131","657","2788","2190","610","2800","2175","624","2799","2158","638","2796","2104","651","2805"
"566",0800A,FARMVILLE A,PITT,,"74",123341.73959600000,"1011","784","1843","927","876","1844","965","877","1842","894","884","1778","837","975","1812","887","950","1837","889","945","1834","975","872","1847","967","880","1847","899","930","1829","912","931","1857"
"567",0800B,FARMVILLE B,PITT,,"74",106942.20209900000,"875","562","1492","810","639","1489","850","649","1499","782","666","1448","757","703","1460","789","698","1487","773","706","1479","843","646","1489","825","659","1484","792","679","1471","782","705","1501"
"568","0801",OLD SPARTA,EDGECOMBE,,"33",181170.36042600000,"477","570","1082","444","633","1090","459","634","1093","434","638","1072","395","681","1076","411","677","1088","422","653","1075","469","624","1093","449","642","1091","440","648","1088","418","687","1108"
"569","081","081",MECKLENBURG,,"60",57270.50075900000,"2557","464","3145","2541","517","3150","2599","558","3157","2536","526","3062","2503","557","3060","2583","567","3150","2542","601","3143","2598","555","3153","2584","560","3144","2537","601","3138","2488","618","3164"
"1806",G43,G43,GUILFORD,,"41",30550.45635670000,"1347","364","1811","1273","454","1797","1331","476","1807","1249","477","1726","1175","550","1725","1259","524","1783","1254","535","1789","1314","477","1791","1334","460","1794","1251","534","1785","1262","517","1824"
"1807",G44,G44,GUILFORD,,"41",18630.75531570000,"1285","137","1496","1243","187","1489","1293","200","1493","1230","185","1415","1159","252","1411","1252","219","1471","1255","219","1474","1254","215","1469","1280","200","1480","1245","226","1471","1254","212","1509"
"1808",G45,G45,GUILFORD,,"41",16336.91497990000,"1684","93","1859","1676","106","1833","1698","126","1824","1656","108","1764","1643","119","1762","1698","115","1813","1681","138","1819","1677","133","1810","1704","125","1829","1686","134","1820","1728","120","1878"
"572","082","082",MECKLENBURG,,"60",41703.13334970000,"1741","159","1989","1769","165","1993","1800","194","1994","1782","164","1946","1739","198","1937","1804","183","1987","1779","214","1993","1797","196","1993","1809","188","1997","1786","205","1991","1734","207","1991"
"1809",G46,G46,GUILFORD,,"41",27944.14330100000,"1423","91","1568","1440","83","1574","1458","103","1561","1429","92","1521","1389","132","1521","1447","107","1554","1432","124","1556","1451","104","1555","1464","97","1561","1444","120","1564","1445","124","1587"
"615","096","096",MECKLENBURG,,"60",26878.19870050000,"1229","490","1828","1139","645","1834","1197","650","1847","1074","678","1752","1049","729","1778","1084","738","1822","1074","751","1825","1138","691","1829","1137","671","1808","1071","742","1813","1116","697","1846"
"574","083","083",MECKLENBURG,,"60",41801.67494810000,"1589","618","2314","1554","693","2319","1596","725","2321","1530","716","2246","1512","751","2263","1560","754","2314","1549","768","2317","1565","753","2318","1568","745","2313","1537","779","2316","1488","780","2319"
"575","084","084",MECKLENBURG,,"60",24183.48178940000,"1137","254","1448","1104","296","1450","1128","316","1444","1090","300","1390","1067","323","1390","1097","333","1430","1083","350","1433","1116","320","1436","1117","317","1434","1108","325","1433","1089","334","1458"
"576","085","085",MECKLENBURG,,"60",31625.93209220000,"1445","457","2021","1354","604","2019","1423","606","2029","1284","636","1920","1267","678","1945","1296","704","2000","1278","727","2005","1359","643","2002","1359","641","2000","1265","731","1996","1334","654","2027"
"618","099","099",MECKLENBURG,,"60",35681.21121680000,"936","146","1134","929","163","1130","960","172","1132","935","159","1094","925","167","1092","943","182","1125","934","190","1124","948","181","1129","946","178","1124","941","183","1124","918","191","1128"
"619",09A,DANIELTOWN-SULPHUR SPRINGS,RUTHERFORD,,"81",178063.30672299999,"596","1854","2558","439","2084","2572","496","2080","2576","414","2070","2484","386","2129","2515","399","2142","2541","421","2115","2536","451","2105","2556","484","2066","2550","421","2126","2547","403","2203","2623"
"620",09N,NORTH THOMPSON,ALAMANCE,,"1",90591.19461540000,"1132","846","2085","1016","991","2073","1042","1039","2081","973","1044","2017","904","1147","2051","944","1117","2061","954","1101","2055","1044","1018","2062","1061","1003","2064","973","1084","2057","984","1099","2107"
"621",09S,SOUTH THOMPSON,ALAMANCE,,"1",146508.74057600001,"1888","1897","3962","1673","2167","3947","1740","2215","3955","1593","2217","3810","1512","2355","3867","1594","2321","3915","1594","2331","3925","1725","2202","3927","1754","2163","3917","1593","2320","3913","1616","2334","3990"
"622","1",EAST EDENTON,CHOWAN,,"21",142558.33561000001,"827","485","1348","782","541","1352","812","539","1351","775","532","1307","731","590","1321","767","566","1333","756","567","1323","829","510","1339","862","473","1335","776","560","1336","792","564","1365"
"577","086","086",MECKLENBURG,,"60",29257.82981680000,"1165","574","1857","942","914","1883","1037","859","1896","819","990","1809","788","1043","1831","803","1049","1852","790","1061","1851","932","938","1870","946","923","1869","792","1068","1860","954","921","1896"
"578","087","087",MECKLENBURG,,"60",38036.13080210000,"1384","613","2127","1305","754","2130","1374","759","2133","1239","766","2005","1218","807","2025","1262","841","2103","1242","866","2108","1316","805","2121","1299","812","2111","1240","864","2104","1278","838","2154"
"579","088","088",MECKLENBURG,,"60",33030.05614700001,"1354","606","2095","1252","774","2091","1321","786","2107","1190","810","2000","1161","849","2010","1205","873","2078","1180","900","2080","1268","820","2088","1234","850","2084","1186","892","2078","1226","861","2113"
"580","089","089",MECKLENBURG,,"60",71077.14950460002,"3526","976","4750","3418","1182","4759","3511","1256","4767","3356","1229","4585","3290","1294","4584","3403","1342","4745","3329","1406","4735","3457","1292","4749","3426","1306","4732","3363","1363","4726","3363","1350","4777"
"581",08N,NORTH NEWLIN,ALAMANCE,,"1",188577.23007500000,"1065","1237","2404","928","1398","2405","971","1421","2392","885","1434","2319","795","1551","2346","883","1503","2386","890","1497","2387","972","1422","2394","992","1403","2395","887","1496","2383","883","1500","2416"
"582",08S,SOUTH NEWLIN,ALAMANCE,,"1",187972.65596700000,"473","715","1245","400","809","1243","422","827","1249","370","835","1205","305","928","1233","359","882","1241","375","856","1231","428","811","1239","434","796","1230","368","860","1228","374","872","1260"
"583","09",EAST ENOCHVILLE,ROWAN,,"80",71672.16526690000,"380","1168","1646","281","1303","1647","322","1336","1658","263","1325","1588","249","1364","1613","263","1376","1639","254","1378","1632","290","1362","1652","291","1355","1646","267","1376","1643","265","1416","1687"
"584","09",EAST MAIDEN,CATAWBA,,"18",108825.98796699999,"440","1533","2067","352","1638","2030","374","1612","1986","335","1663","1998","295","1679","1974","322","1715","2037","295","1712","2007","363","1666","2029","415","1618","2033","325","1703","2028","320","1765","2096"
"595","09",FOREST HILLS CLUB HOUSE,DURHAM,,"32",32628.19570720000,"2048","114","2209","1977","188","2191","1994","206","2200","1908","219","2127","1837","308","2145","1907","266","2173","1914","257","2171","2010","177","2187","2001","193","2194","1894","286","2180","1961","207","2204"
"596","09",WEST HOWELLSVILLE,ROBESON,,"78",186231.67625900000,"418","470","935","411","498","933","411","525","936","405","491","896","381","527","908","409","519","928","404","515","919","411","514","925","414","508","922","410","515","925","393","553","957"
"633","10",C C SPAULDING SCHOOL,DURHAM,,"32",18664.94934440000,"1807","110","1974","1765","153","1959","1797","157","1954","1728","164","1892","1696","195","1891","1752","187","1939","1737","201","1938","1780","165","1945","1788","158","1946","1745","199","1944","1784","178","1990"
"597","09",HUGHES,AVERY,,"6",61204.57876600000,"53","217","275","43","231","279","37","237","274","38","229","267","28","242","270","34","240","274","38","234","272","43","232","275","38","239","277","38","237","275","41","244","288"
"598","09",CEDAR ROCK,FRANKLIN,,"35",147219.94183500001,"510","690","1247","433","777","1239","476","765","1241","412","782","1194","365","866","1231","409","833","1242","419","811","1230","504","738","1242","483","757","1240","429","805","1234","400","849","1258"
"599",09-00,09-00,CABARRUS,,"13",125734.11748500000,"633","1648","2402","497","1856","2413","524","1899","2423","456","1868","2324","413","1953","2366","448","1950","2398","429","1950","2379","505","1902","2407","495","1899","2394","451","1945","2396","452","1982","2452"
"600",09-01,09-01,WAKE,,"92",136422.76572000000,"990","952","2061","886","1121","2074","925","1148","2073","871","1128","1999","790","1238","2028","852","1205","2057","851","1199","2050","969","1090","2059","928","1125","2053","864","1193","2057","875","1205","2090"
"601",09-02,09-02,WAKE,,"92",83125.54832700000,"2132","852","3140","2004","1029","3129","2082","1049","3131","1975","1040","3015","1864","1184","3048","1963","1127","3090","1957","1120","3077","2070","1032","3102","2058","1033","3091","1983","1106","3089","1995","1142","3169"
"602",09-03,09-03,WAKE,,"92",111658.89150500001,"2963","1598","4791","2712","1954","4806","2820","1995","4815","2651","1991","4642","2464","2217","4681","2686","2097","4783","2638","2120","4758","2847","1939","4786","2806","1967","4773","2662","2112","4774","2676","2124","4858"
"603",09 SOU,SOUTH TOE,YANCEY,,"100",222120.47295400000,"748","778","1578","696","848","1572","705","861","1566","675","833","1508","660","876","1536","683","872","1555","679","857","1536","692","865","1557","687","869","1556","693","865","1558","667","901","1586"
"640","10",SHERWOOD,GASTON,,"36",25106.75123350000,"1122","607","1836","1039","768","1848","1073","781","1854","989","792","1781","954","831","1785","978","847","1825","958","871","1829","1009","831","1840","1010","823","1833","977","847","1824","1018","854","1893"
"641",10-00,10-00,CABARRUS,,"13",171794.71483000001,"1791","2983","5072","1533","3400","5070","1607","3482","5089","1429","3447","4876","1334","3585","4919","1430","3588","5018","1384","3616","5000","1525","3524","5049","1518","3506","5024","1387","3635","5022","1451","3693","5179"
"642",10-01,10-01,WAKE,,"92",85112.93000510000,"527","542","1129","426","664","1133","452","686","1138","409","691","1100","356","753","1109","388","736","1124","403","716","1119","489","641","1130","452","673","1125","407","721","1128","413","724","1152"
"643",10-02,10-02,WAKE,,"92",93899.42184290000,"2240","1222","3638","2072","1461","3646","2121","1515","3636","2024","1509","3533","1876","1686","3562","2014","1601","3615","2022","1593","3615","2149","1482","3631","2107","1512","3619","2012","1605","3617","2019","1646","3702"
"644",10-03,10-03,WAKE,,"92",78622.13042690000,"1811","859","2806","1649","1062","2795","1717","1078","2795","1589","1098","2687","1473","1246","2719","1605","1176","2781","1577","1191","2768","1732","1051","2783","1706","1070","2776","1584","1191","2775","1627","1168","2838"
"645",10-05,10-05,WAKE,,"92",119254.60741700001,"2147","1222","3567","1943","1541","3578","2017","1560","3577","1842","1589","3431","1691","1798","3489","1841","1711","3552","1870","1672","3542","2035","1523","3558","2002","1535","3537","1864","1670","3534","1900","1661","3608"
"604","09.1",MURPHY-OAKLEY COMMUNITY CENTER,BUNCOMBE,,"11",52515.59995500000,"2466","482","3075","2367","590","3051","2423","633","3056","2287","606","2893","2284","653","2937","2337","678","3015","2321","708","3029","2394","646","3040","2406","630","3036","2339","688","3027","2361","676","3091"
"646",10-06,10-06,WAKE,,"92",63869.47829090000,"4082","1453","5821","3728","1866","5782","3887","1919","5806","3597","1944","5541","3410","2187","5597","3662","2060","5722","3619","2085","5704","3841","1902","5743","3870","1883","5753","3648","2081","5729","3715","2077","5870"
"647",10 PEN,PENSACOLA,YANCEY,,"100",165191.76764000001,"146","281","442","125","305","439","115","319","434","117","304","421","109","324","433","113","314","427","112","314","426","118","316","434","122","311","433","122","312","434","111","338","451"
"605","090","090",MECKLENBURG,,"60",31947.95214840000,"880","399","1356","805","528","1365","851","520","1371","751","557","1308","724","592","1316","742","606","1348","718","623","1341","787","576","1363","788","565","1353","727","619","1346","784","578","1382"
"606","0901",MACCLESFIELD,EDGECOMBE,,"33",130180.07886400000,"304","545","881","236","622","877","251","632","883","228","623","851","196","677","873","217","660","877","225","643","868","277","603","880","249","627","876","227","644","871","212","678","895"
"607","0901",FOUNTAIN,PITT,,"74",155131.25685300000,"248","349","615","220","376","617","231","385","616","212","382","594","204","404","608","218","400","618","212","396","608","236","381","617","226","388","614","213","402","615","214","408","626"
"609","091","091",MECKLENBURG,,"60",59601.21351590000,"2513","1264","3991","2240","1730","4036","2367","1685","4052","1993","1870","3863","1961","1938","3899","2033","1938","3971","1940","2031","3971","2195","1809","4004","2205","1781","3986","1913","2061","3974","2193","1802","4053"
"655","102",BOOMER,WILKES,,"97",178949.31639299999,"405","773","1262","337","868","1256","378","877","1255","312","880","1192","290","920","1210","326","915","1241","309","920","1229","356","891","1247","373","869","1242","324","916","1240","338","933","1283"
"611","092","092",MECKLENBURG,,"60",34618.88628780000,"1707","685","2564","1476","1055","2592","1581","1031","2612","1303","1171","2474","1253","1246","2499","1300","1248","2548","1273","1293","2566","1472","1110","2582","1456","1106","2562","1270","1292","2562","1465","1109","2611"
"10055","206",NORTH HILLS ELEMENTARY SCHOOL,FORSYTH,,"34",38582.43503650000,"942","108","1083","933","107","1077","956","118","1074","921","113","1034","917","119","1036","944","122","1066","932","130","1062","941","125","1066","959","112","1071","940","129","1069","933","143","1091"
"612","093","093",MECKLENBURG,,"60",30112.47347940000,"934","582","1634","788","826","1648","838","820","1658","700","870","1570","680","898","1578","708","924","1632","696","941","1637","795","847","1642","800","835","1635","691","945","1636","784","861","1668"
"10057","208",Brown & Douglas Recreation Center,FORSYTH,,"34",30057.91738730000,"1120","186","1352","1038","241","1316","1061","261","1322","1015","243","1258","1012","253","1265","1036","268","1304","1025","269","1294","1059","253","1312","1073","237","1310","1028","277","1305","1088","281","1384"
"613","094","094",MECKLENBURG,,"60",27823.48934710000,"941","418","1443","914","460","1437","966","473","1439","907","482","1389","900","492","1392","921","516","1437","914","524","1438","939","502","1441","929","505","1434","916","516","1432","893","527","1452"
"616","097","097",MECKLENBURG,,"60",21712.44023190000,"752","114","908","736","130","899","763","141","904","724","143","867","724","144","868","740","161","901","744","157","901","753","149","902","755","145","900","737","162","899","729","159","905"
"617","098","098",MECKLENBURG,,"60",42829.59372160000,"1517","329","1929","1502","378","1932","1549","388","1937","1488","385","1873","1465","408","1873","1516","412","1928","1501","429","1930","1532","402","1934","1520","411","1931","1511","418","1929","1481","425","1928"
"623","1",ALLIGATOR,TYRRELL,,"89",337631.92822200002,"119","26","145","120","27","147","119","27","146","115","26","141","116","30","146","119","27","146","115","29","144","122","25","147","125","21","146","119","28","147","120","28","148"
"624","1",PRECINCT  1,GATES,,"37",251106.50324399999,"533","497","1059","545","482","1055","529","519","1048","517","488","1005","495","525","1020","525","520","1045","529","509","1038","557","491","1048","562","485","1047","534","508","1042","528","535","1075"
"626","10",COTTON GROVE 10,DAVIDSON,,"29",145983.94195300000,"722","1264","2111","538","1503","2120","594","1518","2112","493","1532","2025","422","1632","2054","466","1638","2104","477","1619","2096","565","1546","2111","600","1503","2103","486","1613","2099","478","1617","2122"
"627","10",BEAVER DAM  1,RICHMOND,,"77",259908.48933899999,"357","223","600","355","228","596","355","240","595","338","238","576","319","264","583","333","261","594","330","256","586","356","242","598","348","245","593","339","254","593","344","261","607"
"628","10",LUMBER BRIDGE,ROBESON,,"78",135024.70509000000,"276","373","686","275","378","675","273","403","676","255","379","634","247","393","640","265","404","669","266","395","661","276","394","670","265","403","668","266","396","662","257","434","699"
"629","10",GOLD MINE,FRANKLIN,,"35",181034.25688000000,"272","490","795","234","536","792","248","541","789","238","520","758","196","579","775","213","574","787","231","552","783","280","511","791","262","530","792","230","555","785","214","579","800"
"630","10",FAITH,ROWAN,,"80",90736.86598150000,"836","1514","2494","673","1766","2511","739","1779","2518","616","1780","2396","539","1888","2427","580","1907","2487","577","1890","2467","677","1817","2494","681","1798","2479","588","1883","2471","623","1912","2560"
"672","109","109",MECKLENBURG,,"60",25193.12910330000,"1998","319","2417","1829","526","2411","1956","462","2418","1706","596","2302","1690","638","2328","1746","646","2392","1682","704","2386","1825","574","2399","1867","534","2401","1697","694","2391","1831","562","2428"
"673",10A,DUNCAN CREEK-GOLDEN VALLEY,RUTHERFORD,,"81",249405.96649799999,"247","802","1100","212","878","1114","218","895","1113","198","886","1084","188","904","1092","194","910","1104","187","916","1103","212","894","1106","215","892","1107","200","909","1109","196","924","1125"
"674",10N,NORTH MELVILLE,ALAMANCE,,"1",77485.41055869999,"1473","1277","2906","1297","1532","2924","1350","1587","2937","1223","1588","2811","1132","1729","2861","1228","1680","2908","1206","1694","2900","1349","1571","2920","1367","1549","2916","1217","1692","2909","1259","1664","2959"
"631","10",FLATS,MACON,,"56",89007.44008390000,"149","181","353","125","221","353","130","224","354","112","226","338","111","234","345","116","234","350","114","241","355","126","229","355","124","229","353","111","239","350","126","234","361"
"632","10","10",WAYNE,,"96",59999.60470910000,"720","235","1003","710","249","999","741","257","998","690","263","953","673","281","954","707","280","987","702","279","981","726","268","994","720","272","992","708","283","991","728","281","1018"
"689","11",NEW RIVER,ASHE,,"5",306491.34233299998,"529","1001","1594","439","1103","1595","462","1128","1590","411","1112","1523","360","1195","1555","405","1168","1573","389","1168","1557","463","1114","1577","461","1110","1571","404","1164","1568","408","1214","1630"
"634","10",EAST NEWTON,CATAWBA,,"18",21707.65553840000,"210","145","379","205","155","377","181","156","337","187","168","355","170","168","338","202","175","377","179","171","350","186","172","358","195","175","370","174","174","348","198","178","382"
"635","10",EAST SHADY GROVE,DAVIE,,"30",97004.09571850000,"950","1405","2505","736","1723","2526","800","1731","2531","672","1771","2443","570","1897","2467","645","1866","2511","644","1858","2502","768","1757","2525","825","1684","2509","648","1862","2510","702","1821","2538"
"636","10",EAST KING,STOKES,,"85",62517.48790590000,"1036","1843","3090","778","2217","3113","861","2248","3109","702","2259","2961","615","2399","3014","696","2379","3075","685","2369","3054","854","2241","3095","889","2189","3078","702","2377","3079","729","2395","3151"
"637","10",INGALLS,AVERY,,"6",122597.63940400000,"135","454","606","108","481","604","118","485","603","108","472","580","86","508","594","107","490","597","98","497","595","113","484","597","118","478","596","101","494","595","103","513","622"
"638","10",LAUREL CREEK,WATAUGA,,"95",133124.20683600000,"373","416","835","340","465","835","354","485","839","324","469","793","313","503","816","330","489","819","337","483","820","350","482","832","345","474","819","322","490","812","337","506","858"
"639","10",LAUREL,ASHE,,"5",116868.61484900001,"46","120","175","40","125","171","48","123","171","33","127","160","39","122","161","42","133","175","36","134","170","45","129","174","42","130","172","41","131","172","37","139","182"
"648","10.1",W C REID RECREATION CENTER,BUNCOMBE,,"11",31464.95769310000,"938","65","1031","922","66","1011","921","86","1007","916","74","990","903","86","989","913","88","1001","919","89","1008","924","85","1009","912","92","1004","920","92","1012","925","96","1047"
"690","11",COLLEGE PARK,CATAWBA,,"18",18402.99423040000,"493","260","787","432","324","774","423","318","741","410","350","760","378","359","737","401","369","770","378","372","750","421","346","767","430","342","772","391","369","760","436","362","801"
"649","100","100",MECKLENBURG,,"60",31894.40256580000,"1588","714","2454","1411","991","2467","1532","953","2485","1314","1027","2341","1287","1090","2377","1331","1103","2434","1273","1163","2436","1404","1041","2445","1414","1026","2440","1285","1154","2439","1385","1052","2482"
"650","1001",PINETOPS,EDGECOMBE,,"33",145671.24263200001,"804","680","1540","746","757","1546","783","765","1548","750","756","1506","710","813","1523","737","801","1538","730","790","1520","797","747","1544","779","755","1534","747","788","1535","740","813","1571"
"651","1001",GRIFTON,PITT,,"74",170220.84363100000,"1050","1146","2278","963","1255","2281","1026","1248","2274","933","1263","2196","888","1340","2228","946","1330","2276","916","1343","2259","1027","1253","2280","1014","1258","2272","942","1317","2259","942","1351","2311"
"1812",G49,G49,GUILFORD,,"41",37143.54226780001,"605","94","746","594","124","743","614","133","747","579","129","708","559","162","721","598","143","741","590","142","732","604","138","742","614","129","743","592","146","738","599","148","760"
"653","101","101",MECKLENBURG,,"60",31867.01949980000,"1188","561","1873","983","824","1869","1070","821","1891","889","888","1777","868","932","1800","881","974","1855","860","977","1837","991","880","1871","973","879","1852","863","995","1858","997","887","1914"
"10058","301",ASHLEY ELEMENTARY SCHOOL,FORSYTH,,"34",18384.57681210000,"433","25","470","431","23","470","449","26","475","440","22","462","424","31","455","445","31","476","443","30","473","450","26","476","447","28","475","440","29","469","445","28","481"
"654","101",ANTIOCH,WILKES,,"97",131433.38152000000,"174","363","565","124","435","566","135","437","572","104","455","559","94","468","562","108","454","562","99","456","555","139","430","569","144","417","561","108","452","560","105","474","584"
"656","102","102",MECKLENBURG,,"60",35131.80853840000,"2377","815","3364","2318","930","3364","2387","981","3368","2267","968","3235","2230","999","3229","2300","1046","3346","2288","1063","3351","2342","1014","3356","2308","1034","3342","2262","1081","3343","2250","1045","3375"
"657","103",MELVILLE 3,ALAMANCE,,"1",102293.91585200001,"1811","1371","3373","1603","1669","3379","1666","1727","3393","1514","1745","3259","1414","1894","3308","1526","1845","3371","1519","1834","3353","1638","1737","3375","1670","1697","3367","1509","1849","3358","1548","1827","3419"
"658","103","103",MECKLENBURG,,"60",37170.02767430000,"1781","954","2919","1569","1273","2934","1682","1269","2951","1446","1350","2796","1406","1411","2817","1461","1451","2912","1405","1494","2899","1565","1361","2926","1571","1344","2915","1411","1495","2906","1564","1359","2959"
"659","103",BRUSHY MOUNTAIN,WILKES,,"97",126330.94587700001,"95","333","446","78","351","449","75","374","449","65","366","431","58","383","441","66","376","442","63","374","437","79","363","442","86","355","441","67","376","443","69","390","460"
"660","104","104",MECKLENBURG,,"60",31736.05444140000,"1606","195","1871","1621","205","1867","1643","216","1859","1613","201","1814","1583","213","1796","1633","228","1861","1618","242","1860","1640","221","1861","1628","234","1862","1628","236","1864","1585","242","1862"
"691","11",PLEASANT GROVE,ALAMANCE,,"1",141787.61617299999,"1462","1242","2820","1339","1413","2820","1400","1430","2830","1311","1418","2729","1256","1508","2764","1324","1492","2816","1312","1489","2801","1401","1406","2807","1422","1384","2806","1330","1476","2806","1310","1501","2844"
"661","104",Melville 4,ALAMANCE,,"1",33605.58854050000,"1188","442","1699","1101","561","1712","1136","582","1718","1060","583","1643","1002","668","1670","1054","645","1699","1048","643","1691","1111","592","1703","1122","580","1702","1064","634","1698","1079","625","1727"
"662","104",CRICKET,WILKES,,"97",70773.96067859999,"358","894","1324","277","999","1317","314","1011","1325","269","987","1256","213","1063","1276","260","1045","1305","254","1045","1299","310","1003","1313","312","994","1306","266","1038","1304","249","1093","1354"
"663","105",EDWARDS 1,WILKES,,"97",142253.53480400000,"202","714","955","145","802","962","168","787","955","140","790","930","120","825","945","140","806","946","133","801","934","163","782","945","187","756","943","137","811","948","146","824","977"
"692","11",ARMSTRONG,GASTON,,"36",30059.83833210000,"667","350","1067","639","395","1079","665","416","1081","613","410","1023","606","413","1019","634","428","1062","628","434","1062","637","420","1057","638","425","1063","624","437","1061","643","457","1112"
"664","105","105",MECKLENBURG,,"60",41382.67566310001,"2500","415","3054","2438","507","3038","2525","517","3042","2441","507","2948","2351","564","2915","2453","572","3025","2440","585","3025","2471","554","3025","2473","555","3028","2417","599","3016","2408","593","3062"
"665","106","106",MECKLENBURG,,"60",23619.92148120000,"1052","342","1472","930","518","1484","996","494","1490","846","572","1418","818","611","1429","846","616","1462","836","637","1473","937","539","1476","936","533","1469","828","631","1459","914","545","1485"
"666","106",EDWARDS 2,WILKES,,"97",147160.34117199999,"194","513","735","168","542","730","183","548","731","164","542","706","125","596","721","152","570","722","148","567","715","178","553","731","175","551","726","151","567","718","151","592","749"
"667","107",EDWARDS 3,WILKES,,"97",120124.65289000000,"495","1623","2223","356","1818","2236","429","1808","2237","354","1809","2163","294","1897","2191","352","1867","2219","347","1856","2203","383","1844","2227","463","1763","2226","362","1853","2215","339","1910","2258"
"668","107.1","107.1",MECKLENBURG,,"60",35683.17086040000,"2394","334","2829","2362","375","2822","2431","390","2821","2351","393","2744","2296","423","2719","2390","421","2811","2351","460","2811","2404","415","2819","2404","411","2815","2365","443","2808","2353","405","2819"
"669","108",FAIRPLAINS,WILKES,,"97",163391.23083799999,"388","653","1096","323","745","1100","351","749","1100","308","753","1061","279","783","1062","303","788","1091","292","788","1080","342","757","1099","358","726","1084","311","780","1091","298","810","1112"
"670","108","108",MECKLENBURG,,"60",24651.24289480000,"1131","232","1419","1135","233","1411","1161","259","1420","1137","234","1371","1124","257","1381","1159","261","1420","1141","271","1412","1155","267","1422","1147","271","1418","1150","270","1420","1107","278","1421"
"671","109",FERGUSON,WILKES,,"97",257691.06881100000,"208","433","676","159","505","684","168","514","682","141","523","664","140","527","667","153","524","677","142","530","672","156","518","674","164","510","674","148","525","673","142","539","685"
"675",10S1,SOUTH MELVILLE,ALAMANCE,,"1",63933.99724550000,"2986","1474","4664","2702","1867","4681","2778","1917","4695","2598","1921","4519","2438","2154","4592","2604","2048","4652","2573","2072","4645","2778","1896","4674","2819","1845","4664","2603","2042","4645","2642","2048","4742"
"676","11",WEST KING,STOKES,,"85",81966.80274190000,"951","1757","2888","709","2101","2908","780","2117","2897","636","2140","2776","551","2276","2827","627","2263","2890","627","2251","2878","731","2161","2892","772","2098","2870","648","2224","2872","655","2271","2950"
"677","11",LUMBERTON  1,ROBESON,,"78",73745.70373450000,"1132","1460","2693","915","1715","2690","938","1775","2713","860","1750","2610","777","1863","2640","845","1824","2669","854","1774","2628","1035","1646","2681","960","1704","2664","874","1775","2649","863","1882","2767"
"678","11",SMITHBRIDGE,MACON,,"56",232484.35767699999,"814","1456","2395","673","1668","2407","712","1694","2406","646","1658","2304","620","1702","2322","635","1734","2369","632","1730","2362","696","1698","2394","682","1694","2376","627","1740","2367","658","1768","2454"
"679","11",ELLENBORO,RUTHERFORD,,"81",175709.54526300001,"1044","2864","4122","809","3222","4130","887","3253","4140","750","3236","3986","711","3292","4003","751","3351","4102","749","3321","4070","853","3251","4104","906","3222","4128","773","3324","4097","728","3461","4213"
"681","11",MEAT CAMP,WATAUGA,,"95",141332.92488700000,"828","992","1921","731","1120","1909","789","1116","1905","683","1111","1794","617","1206","1823","685","1190","1875","692","1175","1867","754","1122","1876","765","1101","1866","685","1181","1866","718","1215","1954"
"682","11",BRIDGETON,CRAVEN,,"25",191673.98506199999,"676","1350","2143","575","1489","2136","607","1532","2139","530","1532","2062","500","1569","2069","557","1561","2118","515","1582","2097","593","1534","2127","595","1521","2116","520","1593","2113","521","1648","2188"
"683","11",SANDY CREEK,FRANKLIN,,"35",178664.89392000000,"716","547","1309","685","576","1293","700","591","1291","670","579","1249","618","654","1272","658","626","1284","669","613","1282","727","564","1291","703","585","1288","666","615","1281","658","642","1313"
"684","11",FRANKLIN,ROWAN,,"80",140479.27827200000,"974","1227","2340","865","1418","2345","890","1455","2345","800","1450","2250","735","1533","2268","786","1527","2313","777","1517","2294","887","1450","2337","861","1446","2307","792","1512","2304","835","1535","2385"
"685","11","11",WAYNE,,"96",54012.10215760000,"1119","575","1762","1064","642","1771","1082","686","1768","1027","691","1718","979","737","1716","1026","717","1743","1024","713","1737","1100","662","1762","1072","677","1749","1040","702","1742","1069","733","1817"
"686","11",LINVILLE,AVERY,,"6",108375.68731199999,"189","197","405","158","250","412","166","250","416","147","252","399","125","283","408","135","275","410","127","279","406","155","258","413","156","256","412","129","283","412","143","272","417"
"687","11",BEAVER DAM  2,RICHMOND,,"77",130608.58145200000,"364","500","891","333","542","893","341","559","900","319","550","869","311","576","887","315","574","889","313","561","874","340","557","897","351","536","887","325","560","885","319","597","918"
"688","11",WEST SHADY GROVE,DAVIE,,"30",160658.92212999999,"404","872","1354","299","1022","1359","339","1017","1356","270","1054","1324","215","1113","1328","254","1097","1351","254","1095","1349","316","1042","1358","330","1025","1355","259","1084","1343","288","1069","1373"
"693",11-01,11-01,CABARRUS,,"13",89378.36202930000,"2411","1451","4081","2308","1595","4051","2395","1666","4061","2274","1608","3882","2196","1664","3860","2301","1704","4005","2256","1731","3987","2347","1675","4022","2325","1697","4022","2295","1723","4018","2296","1778","4141"
"694",11-01,11-01,WAKE,,"92",65944.53191049999,"3730","985","4999","3387","1461","4985","3499","1495","4994","3169","1529","4698","2930","1901","4831","3204","1692","4896","3146","1728","4874","3434","1505","4939","3481","1441","4922","3160","1743","4903","3333","1630","5060"
"695",11-02,11-02,WAKE,,"92",35264.21804020000,"3048","870","4138","2748","1309","4161","2831","1331","4162","2543","1446","3989","2267","1774","4041","2520","1577","4097","2523","1556","4079","2850","1284","4134","2832","1270","4102","2525","1574","4099","2726","1428","4219"
"696",11-02,11-02,CABARRUS,,"13",94215.44330870001,"1223","1518","2916","1053","1775","2915","1122","1806","2928","967","1786","2753","891","1911","2802","990","1879","2869","939","1910","2849","1060","1838","2898","1063","1820","2883","983","1888","2871","1011","1920","2967"
"697",11 PRI,PRICES CREEK,YANCEY,,"100",129408.67245899999,"338","629","1003","262","707","994","282","709","991","249","699","948","249","718","967","260","720","980","250","722","972","280","710","990","275","711","986","265","714","979","248","763","1018"
"698","11.1",ASHEVILLE SENIOR OPPORTUNITY CENTER,BUNCOMBE,,"11",20696.15525650000,"903","70","1010","883","73","990","895","91","986","855","81","936","855","88","943","868","102","970","859","113","972","893","92","985","883","98","981","860","113","973","888","109","1023"
"1813",G4A,CROSS CREEK 30-G4,CUMBERLAND,,"26",26223.88764260000,"608","338","1004","576","384","1007","602","402","1004","565","381","946","570","401","971","582","406","988","567","419","986","596","402","998","587","403","990","584","409","993","583","432","1024"
"699","110","110",MECKLENBURG,,"60",25745.27823270000,"831","301","1212","724","476","1226","788","447","1235","644","520","1164","614","572","1186","649","561","1210","636","578","1214","726","495","1221","712","507","1219","633","584","1217","736","486","1236"
"700","1101",GRIMESLAND,PITT,,"74",149274.70982100000,"430","472","946","389","538","952","406","546","952","360","559","919","355","570","925","380","569","949","361","580","941","408","547","955","400","547","947","378","574","952","367","589","961"
"701","1101",LEWIS,EDGECOMBE,,"33",164225.92051299999,"307","391","724","299","421","737","316","420","736","287","429","716","281","446","727","287","446","733","282","444","726","309","428","737","300","433","733","292","442","734","288","455","747"
"702",1102A,SIMPSON A,PITT,,"74",54695.28536410000,"1666","1259","3056","1421","1554","3049","1473","1578","3051","1351","1565","2916","1267","1698","2965","1332","1688","3020","1330","1677","3007","1493","1548","3041","1510","1523","3033","1337","1680","3017","1384","1676","3088"
"703",1102B,SIMPSON B,PITT,,"74",144110.60016199999,"1554","1926","3652","1333","2214","3635","1407","2223","3630","1286","2193","3479","1176","2365","3541","1292","2310","3602","1242","2347","3589","1399","2212","3611","1451","2149","3600","1255","2329","3584","1293","2381","3711"
"705","111",MILLERS CREEK,WILKES,,"97",109830.92812300001,"433","1043","1546","339","1181","1558","366","1191","1557","301","1190","1491","244","1271","1515","272","1270","1542","273","1255","1528","356","1191","1547","378","1159","1537","308","1235","1543","293","1292","1590"
"706","111","111",MECKLENBURG,,"60",26371.92740730000,"1648","586","2387","1389","958","2399","1506","915","2421","1238","1059","2297","1221","1087","2308","1254","1113","2367","1226","1153","2379","1380","1013","2393","1419","969","2388","1199","1172","2371","1416","976","2416"
"707","112",MORAVIAN FALLS,WILKES,,"97",167875.60857200000,"465","1089","1630","379","1226","1642","409","1233","1642","347","1241","1588","300","1309","1609","314","1304","1618","341","1269","1610","393","1234","1627","400","1228","1628","353","1269","1622","352","1314","1673"
"708","112","112",MECKLENBURG,,"60",27217.43994010000,"1196","612","1925","1020","873","1937","1096","851","1947","917","928","1845","889","980","1869","913","997","1910","889","1027","1916","1011","915","1926","1016","906","1922","908","1007","1915","1027","895","1941"
"710","113","113",MECKLENBURG,,"60",42135.96377380000,"1824","968","2971","1629","1311","3004","1729","1288","3017","1457","1416","2873","1417","1472","2889","1459","1487","2946","1433","1525","2958","1588","1396","2984","1619","1352","2971","1423","1539","2962","1617","1358","3012"
"711",113A,MOUNT PLEASANT,WILKES,,"97",282929.42791000003,"459","1190","1737","376","1324","1748","392","1358","1750","344","1332","1676","304","1390","1694","334","1394","1728","341","1384","1725","398","1335","1733","417","1307","1724","340","1380","1720","342","1406","1759"
"712","114",MULBERRY 1,WILKES,,"97",163432.59706999999,"120","461","600","98","493","603","106","498","604","94","486","580","76","513","589","94","502","596","89","503","592","98","498","596","107","491","598","86","506","592","78","527","610"
"713","114","114",MECKLENBURG,,"60",26323.75528990000,"1608","689","2460","1362","1063","2478","1474","1014","2488","1231","1109","2340","1177","1207","2384","1198","1230","2428","1162","1264","2426","1350","1098","2448","1363","1089","2452","1165","1273","2438","1356","1097","2485"
"719","118","118",MECKLENBURG,,"60",24996.68720350000,"1695","638","2476","1489","927","2478","1618","885","2503","1352","1031","2383","1309","1095","2404","1372","1083","2455","1339","1128","2467","1477","996","2473","1502","970","2472","1345","1109","2454","1491","970","2495"
"720","118",NORTH WILKESBORO,WILKES,,"97",140533.03012000001,"790","774","1653","684","914","1658","734","913","1647","649","924","1573","575","1013","1588","643","991","1634","639","969","1608","727","917","1644","752","887","1639","668","959","1627","657","992","1669"
"721","119",REDDIES RIVER,WILKES,,"97",149536.90542000000,"852","2248","3263","619","2600","3298","694","2599","3293","578","2602","3180","497","2720","3217","579","2680","3259","550","2689","3239","670","2610","3280","735","2522","3257","579","2679","3258","551","2762","3339"
"714","115","115",MECKLENBURG,,"60",17511.25491980000,"803","294","1149","796","319","1144","814","340","1154","777","325","1102","773","338","1111","793","346","1139","776","367","1143","801","347","1148","793","352","1145","787","361","1148","768","365","1154"
"715",115A,MULBERRY,WILKES,,"97",167826.43233400001,"630","2070","2818","479","2294","2835","515","2319","2834","443","2310","2753","380","2411","2791","438","2385","2823","431","2369","2800","499","2325","2824","558","2251","2809","448","2358","2806","433","2438","2885"
"723",11A,LUMBERTON  1A,ROBESON,,"78",82729.99096200000,"367","631","1042","360","624","1024","339","690","1029","355","634","989","310","669","979","322","693","1015","314","695","1009","353","662","1015","340","672","1012","343","665","1008","288","774","1070"
"724","12",FLINT GROVES,GASTON,,"36",71340.22267170000,"821","1076","2028","759","1236","2045","796","1250","2046","709","1272","1981","690","1290","1980","710","1318","2028","705","1318","2023","759","1279","2038","748","1281","2029","707","1320","2027","726","1346","2080"
"716","116","116",MECKLENBURG,,"60",40660.04333140000,"799","223","1077","793","249","1073","807","265","1072","786","249","1035","767","278","1045","800","270","1070","788","279","1067","807","262","1069","794","277","1071","792","273","1065","786","273","1081"
"717","117","117",MECKLENBURG,,"60",22475.37143880000,"1244","264","1588","1213","323","1587","1262","332","1594","1208","323","1531","1181","355","1536","1230","353","1583","1226","363","1589","1241","345","1586","1249","340","1589","1214","368","1582","1189","360","1585"
"718","117",NEW CASTLE,WILKES,,"97",148836.75564799999,"239","691","967","171","783","976","199","774","973","158","766","924","127","819","946","161","792","953","158","791","949","193","770","963","234","732","966","165","791","956","168","822","993"
"722","119","119",MECKLENBURG,,"60",29119.18155270000,"970","325","1366","844","515","1389","904","491","1395","733","580","1313","724","609","1333","764","605","1369","727","637","1364","831","541","1372","822","542","1364","731","633","1364","821","560","1399"
"725","12",DENTON 12,DAVIDSON,,"29",68332.59119490000,"197","485","739","159","560","739","169","568","737","134","579","713","126","597","723","140","599","739","130","602","732","159","579","738","181","553","734","128","609","737","136","598","743"
"726","12","12",WAYNE,,"96",51858.87413360000,"1508","808","2405","1407","939","2411","1454","968","2422","1367","960","2327","1316","1032","2348","1368","1022","2390","1353","1024","2377","1468","938","2406","1447","956","2403","1389","1015","2404","1422","1008","2459"
"731","12",MINNEAPOLIS,AVERY,,"6",64531.82561350000,"29","170","202","25","168","196","20","176","196","19","169","188","19","172","191","20","174","194","21","170","191","24","171","195","20","171","191","19","170","189","21","178","199"
"732","12",ROCKFISH,HOKE,,"47",94063.66057399999,"1563","1144","2856","1162","1515","2813","1163","1657","2820","1040","1624","2664","1597","1033","2630","1166","1627","2793","1491","1287","2778","1257","1560","2817","1325","1454","2779","1544","1235","2779","1373","1523","2916"
"733","12",BOONE 3,WATAUGA,,"95",23481.57406090000,"1562","420","2090","1434","497","1999","1504","515","2019","1362","494","1856","1316","537","1853","1383","554","1937","1390","542","1932","1442","520","1962","1471","490","1961","1380","561","1941","1515","592","2141"
"735","12",KENWORTH,CATAWBA,,"18",34659.31783440000,"710","232","978","665","247","945","636","249","885","674","254","928","633","256","889","667","279","946","644","266","910","658","266","924","670","276","946","655","260","915","689","287","990"
"736","12",LUMBERTON  2,ROBESON,,"78",81347.64405259999,"769","377","1198","738","401","1185","752","443","1195","732","409","1141","703","442","1145","730","441","1171","717","433","1150","767","415","1182","758","416","1174","737","430","1167","741","490","1244"
"737","12",SMITH GROVE,DAVIE,,"30",126716.45560800000,"1286","1956","3450","976","2395","3462","1073","2397","3470","890","2467","3357","751","2639","3390","839","2612","3451","847","2587","3434","1018","2447","3465","1078","2365","3443","863","2583","3446","947","2503","3495"
"738","12",NORTH FORK,ASHE,,"5",138471.39868899999,"156","306","486","152","326","491","153","336","489","144","329","473","136","341","477","148","338","486","146","339","485","148","339","487","154","333","487","145","337","482","152","341","499"
"739","12",MILFORD HILLS COUNTY,ROWAN,,"80",77332.58636240000,"729","604","1405","667","687","1394","695","705","1400","654","698","1352","623","741","1364","649","731","1380","641","732","1373","673","712","1385","673","705","1378","650","734","1384","662","761","1432"
"740","12",MINERAL SPRINGS  1,RICHMOND,,"77",168117.68457899999,"439","571","1056","416","601","1045","436","616","1052","391","605","996","382","656","1038","398","643","1041","395","630","1025","440","607","1047","421","614","1035","403","626","1029","387","682","1080"
"741",12-01,12-01,WAKE,,"92",65149.03570080000,"3489","2427","6309","2972","3184","6328","3107","3240","6347","2683","3328","6011","2450","3702","6152","2729","3541","6270","2677","3562","6239","3089","3208","6297","3080","3205","6285","2700","3572","6272","2878","3442","6415"
"985","18",FIRST UNITED ANTIOCH,DURHAM,,"32",32926.77540210000,"1249","107","1400","1249","99","1397","1282","119","1401","1265","96","1361","1240","112","1352","1261","128","1389","1260","132","1392","1286","110","1396","1255","135","1390","1264","121","1385","1252","134","1405"
"742",12-02,12-02,WAKE,,"92",61527.99902100000,"3266","1716","5320","2979","2168","5307","3105","2188","5293","2838","2214","5052","2649","2474","5123","2888","2364","5252","2837","2397","5234","3059","2217","5276","3056","2216","5272","2862","2385","5247","2912","2347","5371"
"10059","302",HANES-LOWRANCE MIDDLE SCHOOL,FORSYTH,,"34",35384.34959700000,"524","48","591","518","52","587","528","60","588","509","55","564","505","59","564","520","59","579","508","63","571","529","54","583","527","51","578","519","61","580","531","66","603"
"743",12-03,12-03,CABARRUS,,"13",74326.34279640000,"841","667","1601","722","843","1615","769","852","1621","670","861","1531","613","932","1545","661","926","1587","647","918","1565","720","880","1600","742","857","1599","652","933","1585","702","931","1649"
"744",12-04,12-04,CABARRUS,,"13",33530.57842030000,"1079","722","1907","992","838","1903","1027","884","1911","964","846","1810","922","902","1824","969","912","1881","949","923","1872","1012","885","1897","992","896","1888","959","929","1888","999","934","1961"
"745",12-04,12-04,WAKE,,"92",96222.14507930000,"2639","2336","5291","2276","2852","5300","2369","2940","5309","2094","2929","5023","1929","3220","5149","2092","3158","5250","2069","3162","5231","2340","2926","5266","2374","2895","5269","2087","3168","5255","2176","3134","5376"
"757",12-13,12-13,CABARRUS,,"13",52837.95387920000,"1936","514","2602","1882","601","2588","1944","644","2588","1835","617","2452","1803","670","2473","1871","692","2563","1838","709","2547","1922","664","2586","1909","665","2574","1843","715","2558","1890","707","2630"
"746",12-05,12-05,CABARRUS,,"13",40900.66462580000,"899","768","1754","768","944","1769","815","955","1770","695","960","1655","627","1069","1696","677","1052","1729","672","1049","1721","776","982","1758","806","942","1748","694","1042","1736","738","1014","1775"
"747",12-06,12-06,WAKE,,"92",64541.68847160000,"3540","2062","5945","3095","2694","5944","3220","2739","5959","2904","2795","5699","2686","3110","5796","2901","2987","5888","2855","3022","5877","3175","2751","5926","3203","2712","5915","2867","3017","5884","3053","2931","6061"
"748",12-07,12-07,WAKE,,"92",73447.59621950000,"1604","1152","2960","1392","1475","2977","1454","1516","2970","1302","1489","2791","1208","1676","2884","1326","1621","2947","1304","1637","2941","1481","1469","2950","1472","1476","2948","1292","1646","2938","1337","1600","2987"
"765","1203",WEST EDGECOMBE,EDGECOMBE,,"33",208841.52713400000,"1413","845","2334","1336","954","2332","1366","966","2332","1302","991","2293","1260","1039","2299","1306","1016","2322","1300","1010","2310","1398","936","2334","1362","966","2328","1304","1021","2325","1287","1055","2360"
"751",12-09,12-09,CABARRUS,,"13",60476.63768830000,"1162","950","2231","1054","1101","2235","1117","1117","2234","990","1144","2134","951","1193","2144","1003","1215","2218","992","1209","2201","1059","1173","2232","1039","1181","2220","1008","1207","2215","1010","1233","2271"
"752",12-09,12-09,WAKE,,"92",52575.25349300000,"2949","1922","5211","2524","2540","5235","2634","2609","5243","2334","2631","4965","2091","2971","5062","2336","2825","5161","2272","2882","5154","2573","2597","5170","2607","2563","5170","2332","2826","5158","2463","2780","5320"
"753",12-10,12-10,WAKE,,"92",61119.12020560000,"2859","1398","4596","2495","1985","4607","2587","2033","4620","2263","2107","4370","2086","2371","4457","2286","2250","4536","2242","2286","4528","2526","2045","4571","2620","1939","4559","2259","2297","4556","2483","2112","4663"
"754",12-11,12-11,WAKE,,"92",75492.06179570002,"1826","1163","3202","1588","1506","3196","1669","1543","3212","1457","1571","3028","1366","1730","3096","1481","1672","3153","1437","1719","3156","1646","1528","3174","1630","1541","3171","1454","1690","3144","1566","1613","3252"
"770","1210",BURLINGTON 10,ALAMANCE,,"1",28109.88154210000,"751","471","1297","688","563","1293","725","576","1301","677","589","1266","640","631","1271","687","609","1296","673","615","1288","719","581","1300","719","577","1296","689","606","1295","680","621","1316"
"758",12-14,12-14,CABARRUS,,"13",44383.29499120000,"1298","851","2257","1190","992","2263","1240","1021","2261","1126","1007","2133","1058","1100","2158","1116","1110","2226","1100","1107","2207","1192","1052","2244","1189","1046","2235","1107","1115","2222","1158","1118","2300"
"782","125",BURLINGTON 5,ALAMANCE,,"1",25321.64207470000,"827","618","1518","695","775","1521","733","793","1526","651","831","1482","585","910","1495","665","855","1520","646","846","1492","723","792","1515","759","757","1516","649","857","1506","682","855","1551"
"759","12.1",HALL FLETCHER SCHOOL,BUNCOMBE,,"11",22659.56604100000,"1776","145","1986","1749","184","1975","1786","182","1968","1690","187","1877","1695","218","1913","1739","217","1956","1729","224","1953","1774","191","1965","1754","200","1954","1714","242","1956","1740","212","1995"
"760","120","120",MECKLENBURG,,"60",24949.30641140000,"946","204","1215","934","229","1211","960","254","1214","927","238","1165","915","247","1162","940","264","1204","937","271","1208","954","253","1207","958","249","1207","928","282","1210","903","283","1216"
"762","1201",PACTOLUS,PITT,,"74",339644.76352400001,"1486","1205","2811","1353","1376","2806","1416","1393","2809","1312","1397","2709","1256","1479","2735","1335","1449","2784","1298","1474","2772","1404","1386","2790","1376","1415","2791","1330","1453","2783","1311","1517","2846"
"763","1201",ROCKY MOUNT 1,EDGECOMBE,,"33",30483.43343720000,"2284","124","2455","2303","121","2467","2328","138","2466","2290","126","2416","2271","143","2414","2321","139","2460","2301","142","2443","2332","141","2473","2326","138","2464","2315","150","2465","2307","149","2476"
"764","1202",ROCKY MOUNT 2,EDGECOMBE,,"33",35734.82015500000,"994","50","1069","998","44","1065","1009","55","1064","992","50","1042","990","56","1046","1007","53","1060","995","62","1057","1006","56","1062","1007","56","1063","1001","58","1059","1012","56","1075"
"766","1204",ROCKY MOUNT 4,EDGECOMBE,,"33",32112.72447460000,"973","52","1046","981","47","1044","995","50","1045","974","46","1020","975","50","1025","983","56","1039","979","57","1036","997","51","1048","994","54","1048","990","55","1045","987","59","1052"
"783","126",BURLINGTON 6,ALAMANCE,,"1",24085.65691580000,"846","548","1474","702","757","1487","725","763","1488","632","804","1436","548","909","1457","585","873","1458","593","856","1449","731","751","1482","769","705","1474","607","851","1458","682","812","1505"
"784","126",WALNUT GROVE,WILKES,,"97",207217.80343000000,"124","536","678","88","580","676","91","586","677","77","574","651","72","596","668","80","584","664","74","582","656","98","573","671","97","574","671","75","586","661","77","609","690"
"785","126","126",MECKLENBURG,,"60",46860.87542630000,"2610","353","3097","2598","404","3095","2678","418","3096","2600","424","3024","2550","454","3004","2631","465","3096","2605","487","3092","2670","426","3096","2643","451","3094","2614","478","3092","2568","460","3089"
"767","1205",ROCKY MOUNT 5,EDGECOMBE,,"33",32429.69537330000,"623","26","658","626","23","662","630","28","658","620","20","640","615","24","639","630","29","659","631","26","657","638","22","660","637","24","661","633","30","663","636","17","664"
"768","121","121",MECKLENBURG,,"60",40997.89126550000,"2056","1201","3456","1741","1686","3495","1878","1641","3519","1581","1792","3373","1560","1818","3378","1600","1858","3458","1545","1919","3464","1716","1756","3472","1739","1725","3464","1569","1892","3461","1754","1724","3522"
"772","122",SOMERS,WILKES,,"97",136481.77550300001,"96","549","681","77","596","687","79","609","688","61","607","668","55","620","675","62","619","681","61","617","678","82","604","686","98","587","685","66","611","677","56","624","685"
"773","122","122",MECKLENBURG,,"60",67108.75234480000,"2829","965","4003","2706","1148","4001","2824","1182","4006","2665","1175","3840","2618","1241","3859","2692","1292","3984","2625","1357","3982","2758","1242","4000","2734","1256","3990","2658","1322","3980","2680","1283","4033"
"774","123","123",MECKLENBURG,,"60",36396.45101860000,"1514","265","1859","1501","308","1857","1537","320","1857","1486","326","1812","1454","352","1806","1500","356","1856","1487","367","1854","1521","338","1859","1507","345","1852","1496","358","1854","1463","363","1859"
"790","128",BURLINGTON 8,ALAMANCE,,"1",28187.55368440000,"801","289","1134","765","321","1121","771","348","1119","753","328","1081","726","367","1093","751","362","1113","750","362","1112","777","343","1120","784","334","1118","746","367","1113","757","364","1141"
"791","128",WILKESBORO 2,WILKES,,"97",183823.78514699999,"598","1250","1951","475","1435","1953","514","1439","1953","437","1443","1880","387","1527","1914","426","1499","1925","415","1507","1922","491","1448","1939","509","1420","1929","424","1494","1918","438","1546","2003"
"778","124","124",MECKLENBURG,,"60",34507.39583430000,"1466","214","1757","1461","239","1760","1502","259","1761","1469","244","1713","1446","266","1712","1485","270","1755","1471","290","1761","1486","273","1759","1488","268","1756","1480","279","1759","1435","283","1763"
"779","124",BURLINGTON 4,ALAMANCE,,"1",22224.06267300000,"750","497","1327","668","623","1338","700","644","1344","637","643","1280","569","727","1296","625","709","1334","630","697","1327","680","655","1335","704","624","1328","634","693","1327","646","685","1345"
"780","125","125",MECKLENBURG,,"60",25936.28539140000,"692","206","942","682","237","942","698","242","940","675","235","910","661","254","915","687","248","935","675","262","937","688","247","935","686","248","934","663","272","935","672","243","934"
"781","125",UNION,WILKES,,"97",193868.87642600000,"161","473","669","127","535","679","152","525","677","127","536","663","103","562","665","114","563","677","115","559","674","134","542","676","137","538","675","119","553","672","107","576","689"
"786","127",BURLINGTON 7,ALAMANCE,,"1",58997.76943320000,"2090","700","2884","2018","771","2872","2064","817","2881","1995","808","2803","1932","886","2818","2010","854","2864","2005","863","2868","2056","818","2874","2075","800","2875","2015","852","2867","1970","883","2904"
"787","127","127",MECKLENBURG,,"60",81501.94297860000,"3314","1529","5152","2857","2203","5188","2978","2229","5207","2597","2365","4962","2518","2484","5002","2657","2488","5145","2525","2588","5113","2789","2362","5151","2781","2347","5128","2500","2631","5131","2838","2344","5238"
"788","127",WILKESBORO 1,WILKES,,"97",114069.14935700000,"795","740","1629","657","953","1650","711","942","1653","611","963","1574","536","1053","1589","592","1030","1622","591","1015","1606","705","937","1642","715","922","1637","614","1007","1621","640","1019","1677"
"789","128","128",MECKLENBURG,,"60",37760.62766700000,"1860","466","2438","1774","593","2438","1833","603","2436","1730","611","2341","1698","651","2349","1750","674","2424","1733","686","2419","1787","639","2426","1792","626","2418","1728","690","2418","1754","639","2433"
"792","129","129",MECKLENBURG,,"60",35410.19427510000,"619","164","837","590","221","842","626","219","845","589","221","810","571","227","798","588","249","837","583","252","835","613","231","844","606","229","835","596","241","837","593","243","858"
"793","129",WILKESBORO 3,WILKES,,"97",163142.83425900000,"576","908","1560","455","1106","1592","500","1090","1590","413","1117","1530","350","1197","1547","406","1162","1568","405","1152","1557","500","1079","1579","525","1058","1583","423","1149","1572","429","1159","1604"
"798",12W,WEST BURLINGTON,ALAMANCE,,"1",21538.98759140000,"973","451","1488","872","570","1486","900","590","1490","806","618","1424","762","695","1457","801","673","1474","828","639","1467","897","585","1482","903","575","1478","826","639","1465","847","634","1496"
"794","129",BURLINGTON 9,ALAMANCE,,"1",57739.48812250000,"632","652","1362","549","779","1373","585","789","1374","517","819","1336","449","907","1356","499","874","1373","505","859","1364","580","794","1374","605","767","1372","519","840","1359","516","847","1382"
"795",12E,EAST BURLINGTON,ALAMANCE,,"1",24327.24311920000,"651","256","951","634","286","943","638","305","943","621","300","921","607","319","926","627","320","947","616","328","944","647","297","944","637","305","942","628","313","941","622","327","963"
"796",12N,NORTH BURLINGTON,ALAMANCE,,"1",39114.86018630000,"1743","335","2140","1710","373","2132","1730","409","2139","1705","383","2088","1680","421","2101","1713","414","2127","1707","417","2124","1719","412","2131","1737","391","2128","1710","413","2123","1690","437","2155"
"797",12S,SOUTH BURLINGTON,ALAMANCE,,"1",23235.77421350000,"497","201","745","470","243","740","487","265","752","459","256","715","447","277","724","464","281","745","468","272","740","482","263","745","479","263","742","459","281","740","456","295","756"
"800","13",GREENMONT,CATAWBA,,"18",38435.82980640000,"541","390","983","505","420","959","490","426","916","493","433","926","467","427","894","503","454","957","478","453","931","507","428","935","516","441","957","479","455","934","488","486","989"
"801","13",MIZPAH,STOKES,,"85",99236.77408820001,"391","994","1461","281","1137","1470","318","1149","1467","263","1144","1407","217","1217","1434","254","1211","1465","257","1199","1456","304","1160","1464","325","1129","1454","257","1196","1453","263","1221","1493"
"802","13",HAW RIVER,ALAMANCE,,"1",140342.37721899999,"1633","1043","2779","1502","1194","2772","1542","1248","2790","1467","1250","2717","1404","1331","2735","1474","1300","2774","1468","1300","2768","1552","1229","2781","1562","1215","2777","1476","1282","2758","1446","1327","2808"
"803","13",0BIDS,ASHE,,"5",162230.28936600001,"342","559","945","296","633","950","309","642","951","259","654","913","234","705","939","262","684","946","248","682","930","304","645","949","301","645","946","262","682","944","272","692","967"
"804","13",FOREST CITY  1,RUTHERFORD,,"81",108729.30829900000,"1282","1375","2791","1130","1594","2807","1186","1619","2805","1093","1616","2709","1041","1683","2724","1079","1694","2773","1054","1692","2746","1149","1642","2791","1165","1623","2788","1099","1677","2776","1125","1728","2869"
"805","13",MINERAL SPRINGS  2,RICHMOND,,"77",199821.43281200001,"240","329","593","232","349","594","233","364","597","225","347","572","197","382","579","218","375","593","211","372","583","238","357","595","228","362","590","226","362","588","224","375","600"
"806","13",NANTAHALA,MACON,,"56",237011.76741999999,"140","361","518","114","392","519","124","389","513","112","382","494","106","396","502","114","399","513","110","403","513","130","387","517","121","391","512","112","395","507","112","415","528"
"807","13",NEW RIVER I,WATAUGA,,"95",73848.60552610000,"1373","467","1936","1264","582","1906","1326","587","1913","1196","581","1777","1136","655","1791","1201","654","1855","1193","657","1850","1267","603","1870","1281","587","1868","1196","661","1857","1267","674","1971"
"808","13",HILLSDALE,DAVIE,,"30",52063.63534500000,"1568","1448","3241","1183","2008","3292","1307","1990","3297","1049","2142","3191","917","2291","3208","1027","2238","3265","1027","2226","3253","1240","2043","3283","1271","1994","3265","1050","2222","3272","1152","2093","3296"
"809","13",PILOT,FRANKLIN,,"35",113467.56973600000,"737","920","1750","630","1065","1743","659","1087","1746","590","1098","1688","515","1208","1723","578","1158","1736","600","1130","1730","700","1045","1745","659","1072","1731","599","1127","1726","591","1169","1775"
"810","13",ROCK GROVE,ROWAN,,"80",101730.60619999999,"425","1340","1885","340","1488","1887","372","1519","1891","299","1522","1821","276","1570","1846","304","1572","1876","284","1590","1874","352","1529","1881","338","1540","1878","300","1568","1868","295","1595","1909"
"811","13",RANLO,GASTON,,"36",65935.81266180000,"983","994","2097","917","1123","2101","947","1151","2098","883","1147","2030","852","1171","2023","885","1196","2081","856","1228","2084","893","1187","2080","894","1193","2087","866","1215","2081","867","1251","2135"
"812","13",MONTEZUMA,AVERY,,"6",80509.05990769999,"138","242","391","117","265","390","124","269","393","104","281","385","103","285","388","103","285","388","105","282","387","116","273","389","116","272","388","110","276","386","114","290","406"
"813","13",STONEWALL,HOKE,,"47",160648.99371499999,"336","604","997","403","571","1009","464","572","1036","379","619","998","466","565","1031","472","564","1036","477","560","1037","403","607","1010","473","555","1028","422","611","1033","426","621","1057"
"814","13",LUMBERTON  3,ROBESON,,"78",34720.27780290000,"552","497","1101","548","513","1091","540","556","1096","547","506","1053","522","538","1060","537","550","1087","530","552","1082","562","535","1097","548","541","1089","538","539","1077","504","612","1128"
"815","13","13",WAYNE,,"96",57338.25001440000,"909","377","1342","882","427","1339","890","446","1336","868","445","1313","828","478","1306","861","468","1329","860","460","1320","886","449","1335","892","443","1335","876","460","1336","870","481","1361"
"816","13",BURTON ELEMENTARY,DURHAM,,"32",20196.14841740000,"565","33","609","558","29","609","570","46","616","577","26","603","549","47","596","578","35","613","572","44","616","579","34","613","573","42","615","564","47","611","573","39","619"
"817",13-01,13-01,WAKE,,"92",91234.81038480000,"4098","839","5228","3924","1086","5191","4017","1163","5180","3835","1132","4967","3728","1279","5007","3921","1235","5156","3853","1281","5134","4028","1132","5160","4000","1162","5162","3845","1306","5151","3920","1248","5264"
"818",13-02,13-02,WAKE,,"92",18682.93059410000,"1219","456","1785","1068","684","1795","1097","693","1790","993","705","1698","885","861","1746","990","773","1763","978","776","1754","1118","661","1779","1094","671","1765","957","801","1758","1065","722","1819"
"827","130","130",MECKLENBURG,,"60",20141.89028580000,"865","307","1234","845","337","1227","876","361","1237","816","353","1169","812","367","1179","834","389","1223","831","395","1226","858","367","1225","843","381","1224","824","399","1223","812","399","1243"
"828","1301",TEMPERANCE HALL,EDGECOMBE,,"33",152455.94504699999,"291","591","916","273","625","916","267","651","918","241","657","898","220","684","904","230","683","913","239","675","914","284","630","914","267","643","910","247","667","914","237","683","925"
"819",13-05,13-05,WAKE,,"92",35473.09339700000,"1496","319","1912","1438","400","1900","1478","420","1898","1414","416","1830","1360","479","1839","1424","462","1886","1401","487","1888","1481","413","1894","1457","427","1884","1405","479","1884","1425","464","1925"
"829","1301",SWIFT CREEK,PITT,,"74",153733.26369399999,"292","657","983","235","731","989","265","721","986","231","722","953","199","774","973","227","758","985","215","763","978","259","724","983","272","710","982","220","756","976","212","784","1003"
"820",13-06,13-06,WAKE,,"92",35741.14587220000,"1796","651","2618","1618","918","2619","1695","934","2629","1516","982","2498","1388","1148","2536","1518","1066","2584","1489","1078","2567","1675","934","2609","1664","919","2583","1502","1083","2585","1614","992","2643"
"821",13-07,13-07,WAKE,,"92",30667.82313070000,"1540","387","2032","1453","488","2014","1500","510","2010","1424","507","1931","1333","604","1937","1460","534","1994","1436","549","1985","1517","481","1998","1499","495","1994","1444","551","1995","1459","550","2044"
"986","18",PYATTE,AVERY,,"6",64244.47713780000,"39","203","254","33","212","252","38","215","253","28","213","241","23","224","247","26","222","248","27","221","248","33","215","248","28","220","248","29","219","248","30","226","257"
"987","18",POND MOUNTAIN,ASHE,,"5",137339.22173700001,"28","71","106","28","82","113","32","82","114","27","78","105","26","87","113","27","85","112","32","80","112","29","84","113","29","84","113","30","83","113","31","83","116"
"988",18-01,18-01,WAKE,,"92",48613.53702610000,"2993","543","3780","2831","788","3757","2945","804","3749","2771","782","3553","2555","1066","3621","2820","895","3715","2725","1000","3725","2938","787","3725","2941","770","3711","2740","973","3713","2814","887","3831"
"822",13-08,13-08,WAKE,,"92",33658.58609500000,"2165","393","2674","2085","473","2649","2142","500","2642","2074","487","2561","2013","550","2563","2101","533","2634","2065","556","2621","2130","509","2639","2117","511","2628","2080","542","2622","2104","560","2699"
"989",18-02,18-02,WAKE,,"92",68056.34382840000,"2640","1556","4499","2271","2134","4529","2360","2182","4542","2098","2211","4309","1852","2573","4425","2118","2370","4488","2034","2427","4461","2396","2122","4518","2355","2145","4500","2081","2402","4483","2252","2273","4594"
"823",13-09,13-09,WAKE,,"92",42311.47073350000,"2946","697","3802","2862","811","3781","2935","842","3777","2829","827","3656","2696","984","3680","2858","896","3754","2839","895","3734","2921","835","3756","2911","833","3744","2811","933","3744","2823","920","3830"
"824",13-10,13-10,WAKE,,"92",57605.65406190000,"3753","1291","5354","3256","1958","5355","3383","1966","5349","3019","2068","5087","2788","2377","5165","3039","2218","5257","3006","2232","5238","3343","1959","5302","3351","1942","5293","3014","2236","5250","3261","2108","5423"
"1002","19",LONGVIEW SOUTH,CATAWBA,,"18",67479.13593590002,"334","459","850","304","499","844","296","520","816","282","527","809","267","545","812","295","548","843","273","546","819","293","543","836","304","532","836","286","548","834","295","562","867"
"1003","19",WATAUGA,WATAUGA,,"95",157860.36666800000,"1356","1026","2537","1189","1260","2532","1255","1277","2532","1126","1253","2379","1069","1352","2421","1121","1348","2469","1124","1334","2458","1221","1271","2492","1218","1253","2471","1127","1344","2471","1208","1333","2575"
"1004","19",HARLOWE,CRAVEN,,"25",189307.60310300000,"1116","1204","2438","1046","1322","2452","1080","1366","2446","1014","1349","2363","977","1384","2361","1037","1387","2424","993","1411","2404","1071","1373","2444","1075","1359","2434","1028","1409","2437","1025","1444","2486"
"825",13-11,13-11,WAKE,,"92",28144.90793500000,"2015","758","2945","1754","1145","2962","1805","1150","2955","1609","1217","2826","1435","1428","2863","1617","1301","2918","1581","1315","2896","1819","1113","2932","1801","1122","2923","1605","1304","2909","1746","1222","2995"
"1021",19-19,19-19,WAKE,,"92",54977.36182210000,"4087","2361","6850","3413","3328","6912","3612","3296","6908","3169","3374","6543","2952","3736","6688","3231","3568","6799","3127","3660","6787","3574","3268","6842","3618","3234","6852","3155","3642","6797","3443","3467","6980"
"1022",19-20,19-20,WAKE,,"92",74675.58106149999,"2069","1146","3395","1863","1496","3424","1904","1507","3411","1730","1533","3263","1622","1711","3333","1788","1595","3383","1707","1667","3374","1911","1493","3404","1911","1469","3380","1710","1667","3377","1826","1565","3437"
"1023",19-21,19-21,WAKE,,"92",59274.66790900000,"3047","1374","4690","2787","1781","4683","2885","1793","4678","2696","1786","4482","2518","1990","4508","2715","1917","4632","2681","1939","4620","2890","1762","4652","2847","1780","4627","2681","1952","4633","2750","1900","4740"
"826","13.1",WEST ASHEVILLE CHURCH OF GOD,BUNCOMBE,,"11",30282.20387250000,"1500","132","1688","1463","168","1670","1496","175","1671","1444","165","1609","1441","182","1623","1471","186","1657","1455","206","1661","1478","176","1654","1468","183","1651","1444","201","1645","1466","209","1707"
"1039","20",COUNTY AGRICULTURAL BUILDING,DURHAM,,"32",17643.33580450000,"1609","59","1695","1591","76","1691","1605","88","1693","1540","93","1633","1524","130","1654","1563","119","1682","1555","122","1677","1600","83","1683","1606","79","1685","1554","127","1681","1591","96","1704"
"1040","20",FAIRFIELD HARBOUR,CRAVEN,,"25",122215.02156800000,"1278","1361","2788","1075","1656","2799","1140","1664","2804","971","1713","2684","946","1750","2696","1015","1750","2765","957","1778","2735","1100","1683","2783","1072","1701","2773","984","1782","2766","1052","1773","2845"
"1041","20",MITCHELL,STOKES,,"85",169693.46312700000,"304","770","1125","231","863","1126","252","871","1123","215","873","1088","177","923","1100","214","909","1123","209","911","1120","263","863","1126","257","868","1125","213","911","1124","207","928","1144"
"1042","20",ORRUM,ROBESON,,"78",180526.25601600000,"329","434","786","307","449","770","296","473","769","301","442","743","275","476","751","301","459","760","284","472","756","317","453","770","298","469","767","295","469","764","293","496","791"
"1043",20-01,20-01,WAKE,,"92",56566.18897970000,"2276","808","3308","2054","1139","3293","2152","1138","3290","1975","1164","3139","1839","1345","3184","2006","1259","3265","1945","1300","3245","2123","1148","3271","2133","1138","3271","1956","1293","3249","2044","1225","3338"
"1044",20-03,20-03,WAKE,,"92",35620.90446450001,"2798","1035","4084","2488","1485","4093","2603","1499","4102","2343","1548","3891","2168","1783","3951","2347","1681","4028","2305","1713","4018","2563","1497","4060","2627","1423","4050","2317","1708","4025","2484","1598","4149"
"1045",20-04,20-04,WAKE,,"92",41890.17904500000,"2324","711","3199","2143","945","3173","2194","991","3185","2019","1022","3041","1893","1195","3088","2042","1089","3131","1968","1156","3124","2173","978","3151","2190","982","3172","1974","1158","3132","2134","1006","3211"
"831","131","131",MECKLENBURG,,"60",27289.54501310000,"982","479","1549","845","692","1566","909","665","1574","760","735","1495","753","763","1516","760","780","1540","746","809","1555","855","703","1558","863","695","1558","750","804","1554","842","707","1571"
"832","132","132",MECKLENBURG,,"60",32770.79696960000,"1676","347","2132","1649","398","2124","1716","418","2134","1636","415","2051","1606","449","2055","1672","454","2126","1629","487","2116","1685","441","2126","1673","445","2118","1653","471","2124","1635","457","2135"
"834","133","133",MECKLENBURG,,"60",48872.97577390000,"2626","1640","4530","2303","2107","4544","2408","2145","4553","2109","2218","4327","2059","2300","4359","2162","2333","4495","2060","2414","4474","2292","2230","4522","2264","2246","4510","2055","2427","4482","2261","2282","4600"
"836","134","134",MECKLENBURG,,"60",68053.68086480000,"3642","1781","5754","3313","2241","5745","3469","2304","5773","3163","2334","5497","3077","2455","5532","3231","2485","5716","3140","2571","5711","3313","2429","5742","3318","2405","5723","3137","2574","5711","3242","2471","5810"
"1059","200","200",MECKLENBURG,,"60",90935.76540120000,"1730","715","2636","1600","945","2645","1692","959","2651","1554","980","2534","1517","1035","2552","1555","1082","2637","1540","1090","2630","1628","1010","2638","1592","1038","2630","1527","1103","2630","1587","1053","2678"
"1816",G50,G50,GUILFORD,,"41",44650.45592500000,"1520","285","1885","1478","314","1870","1540","321","1861","1471","310","1781","1431","359","1790","1506","342","1848","1497","351","1848","1526","326","1852","1539","328","1867","1487","359","1846","1504","374","1915"
"837","135","135",MECKLENBURG,,"60",58912.52622770000,"4790","566","5545","4769","623","5532","4880","653","5533","4760","633","5393","4689","675","5364","4822","698","5520","4761","753","5514","4819","708","5527","4820","691","5511","4782","736","5518","4689","758","5544"
"838","136","136",MECKLENBURG,,"60",39301.14591650000,"1563","805","2516","1399","1109","2544","1442","1129","2571","1270","1176","2446","1203","1264","2467","1249","1251","2500","1234","1284","2518","1361","1170","2531","1358","1161","2519","1255","1259","2514","1350","1180","2565"
"839","137","137",MECKLENBURG,,"60",43332.67072540000,"3195","1888","5375","2785","2516","5414","2960","2475","5435","2531","2665","5196","2508","2722","5230","2593","2761","5354","2466","2893","5359","2766","2616","5382","2719","2639","5358","2527","2835","5362","2729","2651","5463"
"841","139.1","139.1",MECKLENBURG,,"60",30433.58834960000,"1867","891","2890","1658","1167","2884","1746","1166","2912","1548","1237","2785","1538","1261","2799","1570","1298","2868","1534","1329","2863","1645","1237","2882","1637","1233","2870","1547","1322","2869","1618","1272","2923"
"842","14",OLD FIELDS,ASHE,,"5",174887.43544000000,"798","993","1885","669","1191","1909","707","1196","1903","604","1204","1808","558","1288","1846","621","1266","1887","597","1261","1858","705","1199","1904","690","1194","1884","597","1277","1874","640","1282","1940"
"843","14",BURNINGTOWN,MACON,,"56",165762.24923399999,"203","412","642","149","469","643","166","477","643","143","467","610","138","480","618","144","485","629","144","491","635","164","477","641","153","478","631","139","493","632","148","496","653"
"840","138","138",MECKLENBURG,,"60",52285.81583480000,"1810","406","2342","1779","462","2334","1862","480","2342","1773","455","2228","1740","492","2232","1805","517","2322","1788","526","2314","1818","515","2333","1812","511","2323","1778","545","2323","1767","534","2346"
"855","14",OAKWOOD,CATAWBA,,"18",29121.24512450000,"742","470","1271","636","608","1266","637","585","1222","582","644","1226","557","670","1227","580","684","1264","570","686","1256","646","623","1269","674","594","1268","574","675","1249","637","630","1281"
"844","14",EAST YOUNGSVILLE,FRANKLIN,,"35",105108.27338400000,"1873","2128","4217","1611","2491","4230","1701","2516","4217","1535","2503","4038","1411","2692","4103","1557","2632","4189","1540","2639","4179","1704","2503","4207","1664","2536","4200","1546","2643","4189","1572","2657","4276"
"845","14",STEELES  1,RICHMOND,,"77",162497.83962799999,"56","28","89","51","32","89","58","34","92","53","31","84","51","41","92","56","35","91","55","37","92","59","33","92","54","35","89","56","34","90","57","33","95"
"871","144","144",MECKLENBURG,,"60",31836.29621910000,"2000","896","3086","1797","1247","3103","1881","1237","3118","1656","1331","2987","1596","1408","3004","1670","1396","3066","1600","1476","3076","1760","1334","3094","1766","1309","3075","1649","1431","3080","1767","1326","3136"
"847","14",Y E SMITH SCHOOL,DURHAM,,"32",34883.17922920001,"1326","128","1524","1321","134","1515","1360","165","1525","1321","151","1472","1287","165","1452","1348","167","1515","1316","196","1512","1363","155","1518","1354","166","1520","1328","180","1508","1317","175","1539"
"848","14",KILKENNY,TYRRELL,,"89",195745.10413900000,"2","37","40","3","35","40","4","36","40","3","32","35","1","36","37","0","37","37","2","37","39","10","29","39","6","34","40","4","34","38","0","40","41"
"849","14",FOREST CITY  2,RUTHERFORD,,"81",107496.38112599999,"704","904","1707","597","1054","1715","638","1073","1711","584","1045","1629","551","1090","1641","589","1109","1698","585","1102","1687","625","1078","1703","667","1039","1706","591","1100","1691","582","1154","1753"
"850","14","14",WAYNE,,"96",100344.21331799999,"1034","1506","2666","842","1779","2694","869","1825","2694","778","1836","2614","681","1946","2627","739","1932","2671","743","1907","2650","940","1745","2685","896","1773","2669","785","1879","2664","820","1884","2730"
"874","147","147",MECKLENBURG,,"60",36254.00877630000,"2000","437","2553","1988","470","2545","2044","506","2550","1981","478","2459","1941","521","2462","2007","533","2540","2007","535","2542","2018","528","2546","2030","504","2534","1988","555","2543","1954","565","2562"
"851","14",LUMBERTON  4,ROBESON,,"78",49173.60458490000,"292","267","583","278","277","578","287","292","579","287","276","563","265","290","555","275","303","578","276","295","571","288","292","580","280","294","574","281","293","574","272","327","605"
"852","14",NEWLAND   1,AVERY,,"6",93763.53905490000,"187","445","664","150","497","668","152","521","673","138","503","641","128","522","650","134","528","662","134","524","658","155","513","668","150","505","655","140","518","658","147","538","692"
"853","14",NEW RIVER II,WATAUGA,,"95",110394.00767700000,"1756","721","2623","1606","910","2598","1681","926","2607","1511","936","2447","1435","1035","2470","1520","1032","2552","1539","1003","2542","1630","932","2562","1651","899","2550","1540","1000","2540","1605","1006","2662"
"854","14",NORTH MOCKS-COUNTY,DAVIE,,"30",230966.03419700000,"573","1013","1700","459","1199","1712","495","1218","1713","418","1225","1643","350","1312","1662","400","1294","1694","414","1278","1692","476","1232","1708","525","1176","1701","417","1281","1698","431","1264","1721"
"889","15",MT CALVARY CHURCH,DURHAM,,"32",17533.06706740000,"848","57","937","842","59","932","856","75","931","845","60","905","824","73","897","842","75","917","842","83","925","854","71","925","858","70","928","845","75","920","841","78","939"
"857","14",EMMONS 14,DAVIDSON,,"29",207644.54243500001,"297","1221","1600","221","1341","1617","240","1375","1615","191","1369","1560","138","1452","1590","185","1428","1613","177","1431","1608","232","1382","1614","277","1330","1607","189","1420","1609","183","1411","1617"
"858","14",WAYSIDE,HOKE,,"47",264883.63572899997,"2014","1035","3192","2025","991","3132","2118","1050","3168","1746","1227","2973","1601","1393","2994","1661","1425","3086","2011","1067","3078","1711","1393","3104","2054","1064","3118","2035","1047","3082","1895","1282","3203"
"907","1506",GREENVILLE  6,PITT,,"74",31923.97022830000,"928","282","1258","888","313","1239","902","340","1242","853","305","1158","825","354","1179","862","344","1206","850","353","1203","884","327","1211","896","318","1214","864","338","1202","894","393","1296"
"859",14-01,14-01,WAKE,,"92",116036.90167000001,"339","396","783","293","472","789","305","482","787","256","490","746","228","538","766","255","518","773","264","514","778","314","466","780","299","480","779","265","509","774","279","507","797"
"860",14-02,14-02,WAKE,,"92",140670.25110699999,"3799","3006","7304","3157","4028","7369","3323","4043","7366","2845","4057","6902","2652","4488","7140","2905","4374","7279","2813","4456","7269","3306","4000","7306","3213","4063","7276","2886","4404","7290","3113","4231","7421"
"861","14.2",ASHEVILLE PRE-SCHOOL,BUNCOMBE,,"11",45990.24526000000,"1576","207","1850","1536","249","1838","1572","263","1835","1502","251","1753","1497","286","1783","1528","293","1821","1520","300","1820","1567","268","1835","1547","276","1823","1524","303","1827","1546","289","1866"
"862","14.3",ELIADA HOME - PAUL AMOS REC CENTER,BUNCOMBE,,"11",41030.22538410000,"661","143","843","642","155","831","661","169","830","625","157","782","620","181","801","645","180","825","646","181","827","655","175","830","644","178","822","634","188","822","645","196","857"
"1821",G55,G55,GUILFORD,,"41",26998.83603720000,"1428","192","1691","1423","216","1688","1437","245","1682","1415","237","1652","1342","298","1640","1423","255","1678","1401","271","1672","1432","245","1677","1447","236","1683","1418","262","1680","1396","272","1702"
"863","140","140",MECKLENBURG,,"60",49835.25363300000,"2928","1356","4539","2562","1875","4555","2684","1881","4565","2382","1996","4378","2324","2053","4377","2387","2117","4504","2292","2204","4496","2528","2004","4532","2492","2002","4494","2323","2179","4502","2531","2001","4590"
"864","1401",SHARPSBURG,EDGECOMBE,,"33",92782.20207319999,"221","486","733","173","549","735","191","547","738","160","568","728","149","583","732","152","585","737","166","564","730","201","539","740","187","550","737","159","581","740","157","583","746"
"865",1403A1,WINTERVILLE WEST,PITT,,"74",107852.95248700000,"1518","1252","2863","1380","1393","2849","1414","1426","2840","1323","1397","2720","1255","1516","2771","1338","1489","2827","1292","1518","2810","1426","1408","2834","1459","1370","2829","1320","1494","2814","1337","1519","2888"
"866",1403A2,WINTERVILLE SOUTH,PITT,,"74",83096.11266490002,"1705","1004","2799","1530","1199","2804","1599","1209","2808","1512","1197","2709","1420","1318","2738","1509","1288","2797","1476","1307","2783","1612","1191","2803","1630","1160","2790","1501","1278","2779","1499","1306","2842"
"867",1403B,WINTERVILLE NORTH,PITT,,"74",34599.70366580000,"2310","1359","3824","2088","1635","3828","2174","1649","3823","1983","1676","3659","1871","1849","3720","1999","1795","3794","1953","1824","3777","2161","1641","3802","2184","1620","3804","1978","1791","3769","2019","1804","3872"
"868","141","141",MECKLENBURG,,"60",39108.38766580000,"2587","339","3055","2503","437","3033","2580","458","3038","2482","440","2922","2403","506","2909","2519","493","3012","2496","519","3015","2549","476","3025","2575","449","3024","2496","521","3017","2511","510","3062"
"869","142","142",MECKLENBURG,,"60",103325.93118699999,"3254","2087","5707","2845","2730","5735","3023","2724","5747","2664","2832","5496","2590","2904","5494","2694","2981","5675","2587","3079","5666","2812","2889","5701","2825","2874","5699","2605","3065","5670","2790","2940","5803"
"870","143","143",MECKLENBURG,,"60",40082.46713930001,"3076","1723","5080","2691","2296","5103","2821","2295","5116","2481","2395","4876","2415","2510","4925","2535","2518","5053","2394","2647","5041","2682","2392","5074","2647","2402","5049","2428","2615","5043","2645","2466","5176"
"872","145","145",MECKLENBURG,,"60",50506.38661370000,"6669","1704","8782","6361","2214","8775","6540","2251","8791","6148","2286","8434","6070","2422","8492","6235","2484","8719","6103","2600","8703","6364","2370","8734","6377","2347","8724","6095","2615","8710","6244","2421","8823"
"873","146","146",MECKLENBURG,,"60",47660.18456310000,"2553","278","2951","2525","334","2938","2601","343","2944","2515","337","2852","2483","364","2847","2571","361","2932","2518","408","2926","2578","355","2933","2572","360","2932","2530","401","2931","2518","377","2958"
"909",1507B,GREENVILLE  7B,PITT,,"74",15765.07459340000,"800","311","1174","701","367","1112","722","384","1106","647","358","1005","635","388","1023","660","401","1061","665","390","1055","702","368","1070","711","360","1071","645","389","1034","765","462","1235"
"875","148","148",MECKLENBURG,,"60",49847.75013210000,"5912","2406","8720","5477","3083","8751","5680","3105","8785","5157","3251","8408","5077","3369","8446","5204","3452","8656","5034","3615","8649","5402","3297","8699","5376","3317","8693","5131","3543","8674","5295","3411","8847"
"1822",G56,G56,GUILFORD,,"41",20980.53874340000,"910","258","1205","900","266","1201","910","284","1194","880","289","1169","842","331","1173","883","307","1190","886","309","1195","908","286","1194","907","292","1199","879","314","1193","877","323","1222"
"876","149","149",MECKLENBURG,,"60",49891.93053110000,"3706","586","4453","3660","657","4452","3750","705","4455","3630","684","4314","3628","703","4331","3724","729","4453","3666","778","4444","3731","726","4457","3694","740","4434","3668","775","4443","3565","755","4437"
"877",14A,GRANITE QUARRY,ROWAN,,"80",97308.98611220000,"1173","2125","3525","973","2487","3558","1057","2498","3555","900","2531","3431","805","2653","3458","860","2663","3523","857","2630","3487","980","2555","3535","999","2521","3520","885","2636","3521","935","2654","3616"
"878","15",STEELES  2,RICHMOND,,"77",177680.26477199999,"35","95","133","33","100","136","34","99","133","31","102","133","27","107","134","30","102","132","28","102","130","37","96","133","37","99","136","31","102","133","31","102","135"
"880","15",RIDGEVIEW,CATAWBA,,"18",15691.42776710000,"311","39","357","314","32","356","286","34","320","310","32","342","291","33","324","314","33","347","291","37","328","296","33","329","311","41","352","295","33","328","322","37","363"
"881","15",ROBINSON  1,GASTON,,"36",53960.55187740000,"2696","2383","5394","2416","2881","5421","2537","2883","5420","2275","2933","5208","2200","3049","5249","2281","3083","5364","2232","3125","5357","2393","2968","5361","2442","2946","5388","2257","3098","5355","2334","3095","5484"
"882","15",LUMBERTON  5,ROBESON,,"78",55275.04451990000,"379","126","524","370","125","512","372","142","514","375","124","499","359","138","497","375","137","512","363","137","500","386","128","514","374","139","513","378","133","511","388","145","535"
"883","15","15",WAYNE,,"96",272486.12202800001,"821","1384","2278","725","1523","2285","781","1506","2287","705","1527","2232","645","1599","2244","690","1577","2267","682","1569","2251","793","1484","2277","764","1495","2259","697","1567","2264","707","1617","2332"
"884","15",NEWLAND   2,AVERY,,"6",76044.29974400000,"147","380","552","129","398","549","134","414","548","115","405","520","101","431","532","118","422","540","109","424","533","137","411","548","125","411","536","119","417","536","125","433","562"
"885","15",BYNUM,CHATHAM,,"19",100103.55300900000,"1421","510","2034","1295","677","2042","1339","699","2038","1238","698","1936","1183","799","1982","1235","779","2014","1244","747","1991","1331","683","2014","1335","680","2015","1259","743","2002","1304","720","2060"
"886","15",COWEE,MACON,,"56",193665.30790000001,"634","1042","1759","524","1167","1749","567","1184","1751","510","1167","1677","466","1224","1690","509","1228","1737","498","1227","1725","550","1194","1744","522","1208","1730","509","1215","1724","528","1254","1795"
"887","15",PHILIPPI,HOKE,,"47",79617.15135760000,"1112","878","2060","1084","926","2056","1295","750","2045","1068","872","1940","1175","769","1944","1031","976","2007","1153","869","2022","1402","647","2049","1092","960","2052","1086","906","1992","1595","443","2065"
"888","15",EAST FRANKLINTON,FRANKLIN,,"35",197366.94075199999,"2094","976","3203","1998","1120","3196","2024","1166","3190","1964","1093","3057","1879","1228","3107","1978","1203","3181","1977","1187","3164","2071","1116","3187","2040","1149","3189","1987","1184","3171","1978","1221","3227"
"890","15",SCUPPERNONG,TYRRELL,,"89",160680.72689799999,"185","169","365","169","185","360","180","182","362","159","191","350","149","212","361","167","191","358","162","194","356","186","174","360","176","182","358","159","194","353","163","201","370"
"891","15",HATTERS SHOP,ROWAN,,"80",134374.94201800000,"845","1716","2714","668","1975","2720","726","1997","2723","630","2008","2638","554","2113","2667","612","2095","2707","589","2087","2676","687","2027","2714","699","2010","2709","612","2090","2702","634","2121","2774"
"892","15",NEW RIVER III,WATAUGA,,"95",69676.97343610000,"2001","907","3066","1815","1113","3018","1916","1102","3018","1710","1113","2823","1645","1241","2886","1749","1202","2951","1743","1203","2946","1854","1130","2984","1857","1102","2959","1722","1228","2950","1841","1212","3091"
"893","15",PEAK CREEK,ASHE,,"5",185135.27046400000,"213","464","727","149","556","726","160","566","726","130","560","690","111","602","713","125","588","713","112","593","705","162","558","720","157","562","719","114","596","710","131","610","743"
"895",15-01,15-01,WAKE,,"92",99941.86231820000,"2076","1490","3796","1793","1896","3800","1920","1884","3804","1698","1923","3621","1502","2196","3698","1705","2068","3773","1690","2070","3760","1944","1844","3788","1883","1890","3773","1708","2063","3771","1775","2032","3860"
"896",15-02,15-02,WAKE,,"92",96513.94844080000,"3246","1846","5431","2888","2403","5439","3008","2432","5440","2760","2445","5205","2493","2810","5303","2767","2607","5374","2716","2648","5364","3021","2380","5401","2985","2399","5384","2750","2628","5378","2832","2576","5485"
"897",15-03,15-03,WAKE,,"92",97724.46408530000,"2426","2058","4817","2106","2568","4828","2199","2638","4837","1972","2645","4617","1704","2986","4690","1962","2824","4786","1922","2851","4773","2207","2592","4799","2185","2624","4809","1961","2831","4792","2037","2761","4868"
"898",15-04,15-04,WAKE,,"92",63697.30763010000,"1128","776","2065","998","1006","2076","1031","1047","2078","914","1046","1960","820","1184","2004","924","1129","2053","910","1133","2043","1086","978","2064","1036","1020","2056","935","1121","2056","975","1092","2099"
"899","15.1",VANCE ELEMENTARY SCHOOL,BUNCOMBE,,"11",21119.52823260000,"1650","148","1856","1599","206","1842","1632","214","1846","1552","214","1766","1538","254","1792","1594","236","1830","1573","250","1823","1608","228","1836","1610","234","1844","1577","248","1825","1609","222","1858"
"900","150","150",MECKLENBURG,,"60",76135.98761180000,"2172","644","2984","2097","788","2989","2172","810","2982","2069","796","2865","2047","835","2882","2089","880","2969","2063","902","2965","2144","836","2980","2109","857","2966","2081","886","2967","2075","879","3006"
"901","1501",GREENVILLE  1,PITT,,"74",90608.62904679999,"568","54","643","566","54","642","574","65","639","569","57","626","560","63","623","573","63","636","572","66","638","573","65","638","573","65","638","576","61","637","576","63","643"
"1823",G57,G57,GUILFORD,,"41",23606.38305550000,"1052","212","1331","1046","234","1324","1064","262","1326","1039","247","1286","1003","284","1287","1053","268","1321","1046","266","1312","1048","268","1316","1075","255","1330","1048","269","1317","1026","289","1342"
"902","1503",GREENVILLE  3,PITT,,"74",37764.31081790000,"1282","254","1584","1227","286","1562","1247","309","1556","1204","278","1482","1189","316","1505","1218","316","1534","1202","333","1535","1242","316","1558","1250","295","1545","1208","319","1527","1255","345","1612"
"910",1508A,GREENVILLE  8A,PITT,,"74",17879.55368110000,"425","320","794","359","410","783","382","410","792","352","393","745","335","410","745","349","421","770","350","418","768","369","407","776","383","391","774","353","401","754","366","455","827"
"903",1504A,GREENVILLE  4A,PITT,,"74",49969.38595970000,"1365","196","1624","1352","215","1618","1376","231","1607","1339","212","1551","1336","232","1568","1365","238","1603","1351","252","1603","1383","222","1605","1389","222","1611","1378","232","1610","1371","245","1638"
"904",1504B,GREENVILLE  4B,PITT,,"74",47725.33990170000,"2607","592","3339","2501","712","3301","2539","754","3293","2426","716","3142","2389","809","3198","2489","789","3278","2424","844","3268","2534","762","3296","2538","764","3302","2444","826","3270","2511","816","3376"
"905",1505A,GREENVILLE  5A,PITT,,"74",33681.06906290000,"1261","282","1607","1232","324","1597","1260","337","1597","1205","324","1529","1186","368","1554","1232","355","1587","1207","375","1582","1261","332","1593","1245","345","1590","1216","369","1585","1232","368","1628"
"906",1505B,GREENVILLE  5B,PITT,,"74",32132.46211540000,"1401","141","1592","1391","135","1571","1402","167","1569","1388","131","1519","1376","148","1524","1406","160","1566","1402","160","1562","1424","150","1574","1419","156","1575","1399","168","1567","1412","174","1603"
"908","1507",GREENVILLE  7,PITT,,"74",36453.34824840000,"1459","594","2163","1311","707","2101","1372","733","2105","1251","693","1944","1223","754","1977","1287","757","2044","1258","769","2027","1349","721","2070","1347","713","2060","1236","782","2018","1367","845","2234"
"911",1508B,GREENVILLE  8B,PITT,,"74",28183.19480050000,"800","255","1114","736","320","1095","752","340","1092","687","338","1025","666","376","1042","688","388","1076","698","376","1074","744","340","1084","723","353","1076","684","382","1066","732","394","1135"
"914",1510A,GREENVILLE  10A,PITT,,"74",26256.09222390000,"1090","697","1869","917","923","1891","961","933","1894","853","962","1815","781","1063","1844","859","1017","1876","832","1027","1859","985","903","1888","998","892","1890","864","1003","1867","886","1015","1915"
"912","1509",GREENVILLE  9,PITT,,"74",70227.03691749999,"1728","822","2682","1533","1041","2656","1593","1065","2658","1467","1060","2527","1374","1181","2555","1462","1168","2630","1450","1168","2618","1613","1041","2654","1606","1027","2633","1452","1155","2607","1524","1160","2720"
"913","151","151",MECKLENBURG,,"60",41963.06207410000,"3620","682","4481","3535","811","4460","3636","838","4474","3487","830","4317","3459","871","4330","3543","909","4452","3498","947","4445","3582","879","4461","3571","878","4449","3497","955","4452","3477","910","4474"
"915",1510B,GREENVILLE  10B,PITT,,"74",27494.76743310000,"1235","687","2021","1093","897","2045","1155","888","2043","1024","925","1949","933","1047","1980","1017","1011","2028","1017","997","2014","1162","877","2039","1172","864","2036","1022","996","2018","1066","966","2070"
"916",1511A,GREENVILLE  11A,PITT,,"74",33022.38988170000,"1744","1159","3034","1416","1635","3106","1507","1597","3104","1299","1694","2993","1209","1820","3029","1285","1801","3086","1272","1793","3065","1514","1578","3092","1547","1548","3095","1283","1792","3075","1362","1724","3131"
"917",1511B,GREENVILLE  11B,PITT,,"74",30990.55628360000,"1663","769","2558","1517","927","2544","1568","970","2538","1438","955","2393","1395","1042","2437","1467","1042","2509","1451","1051","2502","1560","960","2520","1562","966","2528","1457","1042","2499","1519","1035","2586"
"924","16",SOUTH FORK,TYRRELL,,"89",157630.05928500000,"8","14","22","7","16","23","7","16","23","7","16","23","6","16","22","7","16","23","7","15","22","8","15","23","7","16","23","8","14","22","7","16","23"
"918",1512A,GREENVILLE  12A,PITT,,"74",49366.61312640000,"3177","1361","4705","2930","1632","4690","2992","1677","4669","2834","1648","4482","2740","1801","4541","2857","1783","4640","2830","1802","4632","3016","1648","4664","3017","1637","4654","2835","1796","4631","2846","1842","4747"
"919",1512B,GREENVILLE  12B,PITT,,"74",27012.16763730000,"1324","448","1843","1219","560","1841","1253","588","1841","1176","567","1743","1111","662","1773","1183","643","1826","1151","663","1814","1253","580","1833","1272","565","1837","1176","652","1828","1199","637","1872"
"920",1513A,GREENVILE  13A,PITT,,"74",69617.47648800000,"1532","1054","2725","1364","1285","2719","1403","1323","2726","1295","1293","2588","1201","1441","2642","1294","1395","2689","1247","1425","2672","1412","1298","2710","1442","1256","2698","1271","1404","2675","1301","1432","2777"
"921",1513B,GREENVILLE  13B,PITT,,"74",78736.67170510000,"1080","860","2031","982","988","2028","1009","1019","2028","947","1004","1951","864","1110","1974","929","1090","2019","915","1099","2014","1023","997","2020","1035","989","2024","949","1062","2011","958","1085","2062"
"922","16","16",WAYNE,,"96",162245.02944600000,"696","795","1566","600","929","1576","641","945","1586","568","953","1521","531","1010","1541","576","990","1566","569","994","1563","665","915","1580","617","950","1567","584","987","1571","589","1017","1615"
"944",16-09,16-09,WAKE,,"92",86694.61653840002,"3187","1154","4614","2996","1459","4592","3094","1500","4594","2910","1502","4412","2751","1710","4461","2924","1634","4558","2903","1640","4543","3087","1487","4574","3081","1479","4560","2911","1651","4562","2929","1640","4655"
"925","16",HOLY INFANT CATHOLIC,DURHAM,,"32",26090.41947860000,"1565","179","1800","1505","249","1793","1537","259","1796","1464","272","1736","1400","344","1744","1486","292","1778","1463","313","1776","1537","257","1794","1539","249","1788","1463","317","1780","1501","266","1807"
"926","16",GUMTREE 16,DAVIDSON,,"29",83640.86574470000,"736","1679","2556","555","1944","2568","624","1948","2572","504","1990","2494","410","2125","2535","482","2071","2553","478","2069","2547","573","1987","2560","650","1902","2552","496","2058","2554","500","2068","2593"
"927","16",BLACK JACK  1,RICHMOND,,"77",148578.22541499999,"53","222","283","35","248","284","37","250","287","31","251","282","25","260","285","28","258","286","30","250","280","36","250","286","42","241","283","29","252","281","25","271","297"
"928","16",PINE SWAMP,ASHE,,"5",186031.89249000000,"682","1023","1793","573","1207","1813","622","1188","1810","530","1204","1734","475","1281","1756","544","1254","1798","513","1264","1777","585","1221","1806","619","1179","1798","540","1256","1796","548","1262","1827"
"954","17",EAST KANNAPOLIS,ROWAN,,"80",40762.18297890000,"781","941","1856","698","1073","1857","746","1106","1852","668","1084","1752","630","1144","1774","677","1153","1830","655","1167","1822","716","1135","1851","725","1111","1836","673","1162","1835","668","1199","1889"
"929","16",EAST  LOUISBURG COUNTRY,FRANKLIN,,"35",165923.02386600000,"906","554","1518","840","642","1517","848","659","1507","812","638","1450","733","757","1490","797","709","1506","802","697","1499","902","612","1514","861","649","1510","823","684","1507","804","707","1522"
"930","16",WEST KANNAPOLIS,ROWAN,,"80",36886.40813650000,"800","701","1600","754","775","1600","776","823","1599","714","802","1516","696","836","1532","726","864","1590","697","881","1578","753","840","1593","749","839","1588","713","870","1583","730","871","1621"
"1824",G58,G58,GUILFORD,,"41",24926.23101000000,"888","194","1134","877","206","1129","902","232","1134","882","216","1098","832","254","1086","871","253","1124","876","247","1123","902","221","1123","902","230","1132","870","253","1123","870","260","1150"
"931","16",HIGHLAND,CATAWBA,,"18",34598.92518630001,"953","838","1882","818","969","1843","804","955","1759","801","993","1794","756","998","1754","794","1052","1846","750","1048","1798","813","999","1812","817","1012","1829","775","1041","1816","810","1088","1910"
"955","17",LONGVIEW NORTH,CATAWBA,,"18",38209.72538400000,"495","576","1126","428","624","1106","446","623","1069","421","646","1067","406","645","1051","436","669","1105","410","679","1089","448","650","1098","449","651","1100","427","659","1086","432","703","1152"
"956","17",LUMBERTON  7,ROBESON,,"78",73686.37682390002,"88","112","213","95","107","209","87","123","210","96","103","199","91","109","200","85","120","205","86","117","203","98","109","207","93","112","205","98","107","205","88","135","224"
"957","17",WEST HARRIS,FRANKLIN,,"35",135684.71303499999,"1401","1814","3418","1180","2151","3430","1252","2180","3432","1144","2149","3293","1026","2319","3345","1132","2272","3404","1122","2266","3388","1288","2129","3417","1234","2163","3397","1127","2261","3388","1156","2265","3465"
"958","17",CROATAN,CRAVEN,,"25",252238.20574199999,"703","1099","1926","587","1252","1919","628","1292","1920","532","1284","1816","486","1338","1824","560","1333","1893","518","1352","1870","584","1316","1900","608","1290","1898","522","1354","1876","554","1388","1960"
"959","17",WEST WALNUT COVE,STOKES,,"85",107521.06277200000,"432","856","1364","347","973","1372","375","997","1372","343","973","1316","272","1075","1347","320","1044","1364","324","1041","1365","377","997","1374","372","1001","1373","330","1032","1362","305","1072","1393"
"932","16",GRANTHAM 1A,CRAVEN,,"25",124317.28621100000,"1330","1839","3355","1140","2095","3338","1191","2156","3347","1055","2117","3172","1007","2188","3195","1089","2220","3309","1021","2261","3282","1163","2174","3337","1177","2153","3330","1055","2252","3307","1097","2272","3393"
"933","16",GASTON DAY,GASTON,,"36",46040.72305650000,"1750","1788","3784","1462","2251","3804","1577","2232","3809","1340","2314","3654","1246","2423","3669","1320","2437","3757","1296","2447","3743","1464","2300","3764","1481","2277","3758","1315","2435","3750","1406","2404","3851"
"934","16",PINEOLA,AVERY,,"6",95744.97618699999,"485","597","1136","409","716","1146","431","718","1149","380","722","1102","354","756","1110","367","764","1131","368","762","1130","419","719","1138","405","731","1136","373","759","1132","397","767","1170"
"960","17",COUNTY MAIN LIBRARY,DURHAM,,"32",21584.02678180000,"2568","115","2748","2519","149","2735","2570","163","2733","2482","167","2649","2446","234","2680","2508","208","2716","2498","221","2719","2552","177","2729","2557","172","2729","2484","232","2716","2548","173","2763"
"935","16",LUMBERTON  6,ROBESON,,"78",50071.65744050000,"457","47","521","461","39","518","466","52","518","461","41","502","459","41","500","471","51","522","445","59","504","476","44","520","467","48","515","467","50","517","476","55","539"
"936","16",NORTH FORK,WATAUGA,,"95",89515.15680200000,"44","82","134","39","92","136","43","92","135","39","94","133","35","97","132","37","99","136","37","97","134","40","94","134","43","89","132","39","95","134","39","95","137"
"937",16-01,16-01,WAKE,,"92",107592.13879500001,"1808","889","2877","1655","1109","2880","1733","1150","2883","1587","1146","2733","1479","1280","2759","1593","1257","2850","1602","1241","2843","1743","1118","2861","1696","1145","2841","1616","1226","2842","1622","1251","2922"
"938",16-02,16-02,WAKE,,"92",87922.63619160000,"3374","625","4211","3283","734","4176","3374","788","4162","3273","759","4032","3113","933","4046","3287","854","4141","3259","874","4133","3376","778","4154","3353","789","4142","3286","867","4153","3256","892","4223"
"1829",G5B-2,CROSS CREEK 28-G5B-2,CUMBERLAND,,"26",31768.94051990000,"1190","272","1511","1155","316","1515","1177","324","1501","1137","313","1450","1134","325","1459","1159","339","1498","1145","340","1485","1172","332","1504","1164","338","1502","1151","354","1505","1162","345","1531"
"939",16-03,16-03,WAKE,,"92",29693.55526730000,"865","300","1249","813","388","1246","848","397","1245","794","398","1192","716","488","1204","790","441","1231","789","436","1225","849","389","1238","841","395","1236","794","438","1232","819","424","1268"
"940",16-04,16-04,WAKE,,"92",38125.10077060000,"1762","688","2589","1574","960","2609","1636","974","2610","1493","1037","2530","1339","1230","2569","1484","1104","2588","1478","1086","2564","1661","939","2600","1622","966","2588","1492","1097","2589","1533","1059","2630"
"941",16-05,16-05,WAKE,,"92",59402.93135160000,"1417","651","2205","1287","838","2191","1330","870","2200","1243","863","2106","1114","1022","2136","1252","917","2169","1222","934","2156","1357","825","2182","1307","866","2173","1237","935","2172","1242","943","2224"
"942",16-06,16-06,WAKE,,"92",24056.58707970000,"767","247","1073","733","298","1068","749","317","1066","711","305","1016","655","384","1039","713","340","1053","703","348","1051","745","316","1061","749","309","1058","716","336","1052","729","335","1078"
"943",16-07,16-07,WAKE,,"92",39373.72317280000,"2115","798","3061","1895","1060","3043","1952","1098","3050","1786","1136","2922","1579","1377","2956","1799","1222","3021","1798","1206","3004","1993","1037","3030","1960","1072","3032","1812","1204","3016","1860","1170","3078"
"945",16-10,16-10,WAKE,,"92",40190.61362020000,"3380","465","3993","3350","527","3982","3412","568","3980","3362","521","3883","3193","679","3872","3380","581","3961","3342","601","3943","3418","539","3957","3384","571","3955","3347","605","3952","3336","623","4022"
"946",16-11,16-11,WAKE,,"92",78009.41408910000,"3227","628","4049","3116","770","4015","3193","820","4013","3082","790","3872","2967","906","3873","3089","886","3975","3075","899","3974","3196","799","3995","3168","804","3972","3092","882","3974","3077","926","4065"
"947","16.2",WEST ASHEVILLE LIBRARY,BUNCOMBE,,"11",46107.14409070000,"2015","265","2362","1968","317","2339","1999","345","2344","1919","318","2237","1927","354","2281","1965","360","2325","1950","380","2330","1993","338","2331","1983","344","2327","1952","376","2328","1967","370","2387"
"948","1618",EAST WALNUT COVE,STOKES,,"85",125410.79715300001,"608","922","1626","544","1041","1628","581","1041","1622","526","1038","1564","484","1111","1595","521","1102","1623","517","1102","1619","566","1054","1620","569","1050","1619","532","1081","1613","528","1111","1648"
"949",16A,GILKEY-MORGAN,RUTHERFORD,,"81",249523.42393200001,"593","1503","2197","456","1721","2232","503","1722","2225","440","1699","2139","426","1743","2169","452","1742","2194","442","1738","2180","478","1732","2210","479","1731","2210","435","1759","2194","448","1794","2258"
"950","17",SHAWNEEHAW,WATAUGA,,"95",85249.65564010000,"217","256","495","196","285","495","212","286","498","197","281","478","187","293","480","195","298","493","194","297","491","210","283","493","201","289","490","194","296","490","195","301","502"
"952","17",PLUMTREE,AVERY,,"6",104281.70689400000,"71","344","433","60","359","428","66","367","433","54","359","413","41","375","416","48","378","426","51","367","418","59","366","425","64","360","424","55","368","423","56","391","449"
"953","17",PINEY CREEK,ASHE,,"5",159114.92128499999,"150","407","574","134","438","583","138","452","590","123","447","570","118","456","574","124","456","580","121","453","574","147","432","579","135","441","576","128","451","579","118","468","590"
"961","17",ROBINSON  2,GASTON,,"36",52174.10201310000,"1777","1372","3311","1593","1664","3325","1680","1638","3318","1534","1672","3206","1490","1724","3214","1520","1750","3270","1491","1767","3258","1607","1684","3291","1581","1699","3280","1508","1757","3265","1581","1773","3381"
"962","17","17",WAYNE,,"96",130322.65685699999,"526","61","616","526","68","617","536","80","616","526","71","597","520","72","592","542","70","612","526","79","605","543","69","612","538","74","612","539","74","613","546","81","633"
"1832",G61,G61,GUILFORD,,"41",28687.42733510000,"967","237","1270","966","254","1269","1000","275","1275","946","271","1217","908","317","1225","947","312","1259","962","298","1260","968","286","1254","998","270","1268","961","299","1260","951","320","1292"
"963",17-01,17-01,WAKE,,"92",36126.48886690000,"1688","397","2195","1601","536","2191","1645","546","2191","1563","543","2106","1455","672","2127","1567","606","2173","1545","618","2163","1652","524","2176","1602","562","2164","1552","615","2167","1578","603","2234"
"1833",G62,G62,GUILFORD,,"41",24497.67114900000,"823","263","1160","791","333","1168","816","348","1164","763","353","1116","706","412","1118","766","384","1150","762","392","1154","801","356","1157","820","339","1159","770","381","1151","777","386","1188"
"964",17-02,17-02,WAKE,,"92",49858.74411880000,"1280","478","1861","1165","623","1850","1219","637","1856","1105","668","1773","1034","766","1800","1113","718","1831","1110","719","1829","1208","634","1842","1193","647","1840","1114","718","1832","1128","714","1876"
"965",17-03,17-03,WAKE,,"92",48379.46710050000,"4259","1155","5689","4022","1460","5673","4151","1524","5675","3935","1486","5421","3722","1763","5485","3987","1628","5615","3923","1679","5602","4135","1507","5642","4106","1527","5633","3941","1675","5616","4015","1639","5749"
"967",17-05,17-05,WAKE,,"92",37974.49473470000,"2529","671","3364","2429","825","3351","2469","861","3330","2335","901","3236","2192","1052","3244","2350","967","3317","2340","951","3291","2466","866","3332","2458","870","3328","2350","960","3310","2352","969","3391"
"968",17-06,17-06,WAKE,,"92",81031.73189980000,"1285","659","2052","1168","830","2054","1202","848","2050","1129","840","1969","1031","976","2007","1117","912","2029","1123","895","2018","1218","814","2032","1189","839","2028","1114","910","2024","1138","932","2093"
"969",17-07,17-07,WAKE,,"92",55173.21577940000,"2514","419","3046","2454","488","3031","2508","515","3023","2439","499","2938","2350","610","2960","2498","530","3028","2446","569","3015","2513","507","3020","2504","518","3022","2449","573","3022","2471","551","3073"
"970",17-09,17-09,WAKE,,"92",37344.28400260000,"2602","319","3063","2596","343","3044","2659","382","3041","2607","340","2947","2496","442","2938","2625","413","3038","2586","445","3031","2655","385","3040","2650","392","3042","2599","431","3030","2595","438","3088"
"972",17-11,17-11,WAKE,,"92",32220.69332630000,"2954","749","3901","2842","915","3884","2909","960","3869","2802","935","3737","2637","1122","3759","2806","1048","3854","2798","1040","3838","2924","935","3859","2873","974","3847","2802","1043","3845","2807","1075","3950"
"973",17-12,17-12,WAKE,,"92",54607.02237170000,"2277","556","2952","2174","683","2936","2224","706","2930","2132","699","2831","2029","822","2851","2137","770","2907","2119","786","2905","2206","708","2914","2211","707","2918","2131","780","2911","2170","757","2975"
"974",17-13,17-13,WAKE,,"92",44201.37612090000,"3330","1037","4596","3129","1344","4604","3207","1389","4596","3019","1383","4402","2839","1634","4473","3057","1489","4546","3006","1527","4533","3213","1354","4567","3204","1358","4562","3032","1509","4541","3067","1504","4649"
"975","17.1",BETH ISRAEL SYNAGOGUE,BUNCOMBE,,"11",38549.19816260000,"1096","117","1276","1066","179","1271","1081","183","1264","995","188","1183","990","220","1210","1024","211","1235","1006","227","1233","1062","191","1253","1055","195","1250","1016","229","1245","1061","193","1283"
"976","18",GREEN HILL,RUTHERFORD,,"81",198894.64427300001,"600","1017","1698","479","1176","1704","513","1187","1700","463","1164","1627","442","1204","1646","460","1218","1678","456","1214","1670","483","1202","1685","482","1196","1678","452","1228","1680","456","1250","1730"
"977","18",STONY FORK,WATAUGA,,"95",141475.61004699999,"583","844","1496","497","955","1497","528","970","1498","469","947","1416","437","1019","1456","460","1009","1469","463","1000","1463","519","960","1479","525","941","1466","464","1002","1466","488","1026","1530"
"979","18",HEALING SPRINGS 18,DAVIDSON,,"29",127439.24692400001,"479","1308","1919","361","1523","1928","390","1537","1927","301","1569","1870","250","1641","1891","294","1619","1913","287","1620","1907","370","1555","1925","409","1499","1908","300","1614","1914","317","1604","1936"
"981","18",EAST SPENCER,ROWAN,,"80",51568.87069070000,"480","61","560","479","68","565","490","74","564","477","65","542","472","68","540","482","72","554","480","77","557","487","74","561","482","76","558","483","78","561","481","81","572"
"983","18","18",WAYNE,,"96",33217.77712530001,"566","135","743","551","145","732","581","157","738","552","150","702","537","167","704","570","161","731","554","165","719","578","154","732","567","158","725","566","166","732","570","166","749"
"1834",G63,G63,GUILFORD,,"41",22027.32891860000,"1034","248","1340","979","321","1339","989","348","1337","920","362","1282","880","420","1300","915","403","1318","916","400","1316","990","343","1333","1016","315","1331","927","395","1322","958","382","1365"
"1835",G64,G64,GUILFORD,,"41",93895.24953580000,"1481","342","1932","1467","392","1929","1523","405","1928","1442","404","1846","1365","491","1856","1464","448","1912","1451","457","1908","1499","417","1916","1523","402","1925","1445","471","1916","1466","459","1960"
"984","18",WEST YOUNGSVILLE 1,FRANKLIN,,"35",96652.07892200000,"1632","1467","3305","1417","1800","3305","1505","1787","3292","1346","1783","3129","1247","1952","3199","1361","1902","3263","1358","1885","3243","1506","1775","3281","1468","1804","3272","1360","1903","3263","1395","1905","3344"
"990",18-03,18-03,WAKE,,"92",25915.30320840000,"1458","474","2062","1320","729","2080","1351","727","2078","1233","767","2000","1121","910","2031","1240","815","2055","1201","853","2054","1350","719","2069","1362","696","2058","1203","858","2061","1312","747","2092"
"991",18-04,18-04,WAKE,,"92",105689.36224500000,"2488","1283","4041","2208","1732","4061","2281","1759","4040","2017","1832","3849","1786","2140","3926","2046","1960","4006","1990","2006","3996","2310","1719","4029","2273","1732","4005","1997","2009","4006","2128","1874","4093"
"1836",G65,G65,GUILFORD,,"41",29542.29078440000,"1309","420","1829","1227","516","1824","1282","528","1810","1214","537","1751","1125","621","1746","1194","607","1801","1197","598","1795","1267","534","1801","1294","517","1811","1206","600","1806","1216","580","1844"
"992",18-05,18-05,WAKE,,"92",45162.98312160000,"3295","1218","4751","2893","1788","4783","2966","1817","4783","2619","1967","4586","2417","2243","4660","2613","2102","4715","2569","2126","4695","2954","1801","4755","3009","1742","4751","2599","2119","4718","2866","1881","4820"
"993",18-06,18-06,WAKE,,"92",70222.26946400000,"2519","613","3411","2419","847","3385","2480","900","3380","2312","886","3198","2106","1173","3279","2355","986","3341","2263","1082","3345","2491","866","3357","2442","886","3328","2283","1060","3343","2298","955","3436"
"994",18-07,18-07,WAKE,,"92",64824.58673280000,"2048","1306","3605","1749","1748","3606","1848","1765","3613","1620","1804","3424","1448","2054","3502","1639","1931","3570","1604","1955","3559","1840","1746","3586","1830","1735","3565","1587","1974","3561","1733","1844","3645"
"995",18-08,18-08,WAKE,,"92",44184.54951340000,"2622","855","3742","2403","1247","3752","2494","1259","3753","2268","1316","3584","2104","1518","3622","2301","1397","3698","2254","1442","3696","2489","1246","3735","2503","1227","3730","2269","1444","3713","2348","1345","3794"
"996","18.2",TC ROBERSON HIGH SCHOOL,BUNCOMBE,,"11",71429.18538580000,"3136","855","4148","2807","1248","4130","2875","1242","4117","2638","1263","3901","2570","1418","3988","2677","1381","4058","2624","1417","4041","2809","1278","4087","2797","1268","4065","2630","1433","4063","2863","1309","4217"
"997","1819",PINE HALL,STOKES,,"85",157470.40769100000,"237","545","813","215","580","813","216","598","814","191","592","783","176","630","806","187","624","811","195","615","810","205","607","812","211","592","803","195","613","808","183","635","822"
"998",18A,LUMBERTON  8A,ROBESON,,"78",32083.38560820000,"582","440","1041","508","496","1035","518","521","1039","481","505","986","457","554","1011","480","538","1018","479","534","1013","552","481","1033","506","517","1023","484","537","1021","505","551","1066"
"999","19",ROARING CREEK,AVERY,,"6",85756.08212979999,"28","176","207","22","180","207","19","186","205","17","182","199","16","183","199","17","186","203","17","187","204","16","186","202","20","186","206","18","186","204","20","190","210"
"1001","19",MAXTON,ROBESON,,"78",223816.36148100000,"1024","717","1795","1038","707","1791","1033","768","1801","1050","703","1753","998","752","1750","1020","763","1783","999","772","1771","1053","738","1791","1032","751","1783","1024","758","1782","995","840","1845"
"1006","19",WEST YOUNGSVILLE 2,FRANKLIN,,"35",84188.75865750000,"3491","2663","6532","3113","3259","6568","3223","3323","6546","2967","3279","6246","2776","3567","6343","2987","3517","6504","2960","3507","6467","3235","3299","6534","3225","3291","6516","2959","3538","6497","3056","3469","6608"
"1007","19",HAYNES,RUTHERFORD,,"81",109408.72656000000,"386","1050","1508","308","1161","1513","325","1178","1503","299","1164","1463","284","1180","1464","286","1207","1493","286","1198","1484","314","1190","1504","316","1184","1500","293","1200","1493","275","1265","1545"
"1066","204.1","204.1",MECKLENBURG,,"60",36302.82299500000,"3454","503","4107","3393","591","4094","3471","634","4105","3405","584","3989","3336","644","3980","3428","666","4094","3410","684","4094","3458","638","4096","3463","629","4092","3387","706","4093","3312","681","4085"
"1008","19",AMERICAN LEGION POST 7,DURHAM,,"32",45940.17286670000,"2137","193","2403","2105","220","2390","2151","244","2395","2103","220","2323","2056","272","2328","2125","256","2381","2110","278","2388","2151","239","2390","2143","245","2388","2107","272","2379","2101","268","2419"
"1009",19-03,19-03,WAKE,,"92",37379.24023320000,"1824","1058","3087","1630","1376","3090","1707","1381","3088","1544","1338","2882","1461","1513","2974","1590","1467","3057","1558","1491","3049","1706","1360","3066","1702","1363","3065","1563","1495","3058","1626","1429","3116"
"1070","206","206",MECKLENBURG,,"60",93246.45663859999,"4564","1183","6040","4141","1807","6056","4288","1786","6074","3941","1911","5852","3847","2031","5878","4028","1985","6013","3908","2096","6004","4146","1875","6021","4185","1829","6014","3877","2125","6002","4182","1887","6138"
"1010",19-05,19-05,WAKE,,"92",59308.79068580000,"1727","1211","3159","1460","1685","3210","1540","1670","3210","1340","1674","3014","1230","1896","3126","1372","1806","3178","1333","1831","3164","1521","1665","3186","1515","1672","3187","1345","1827","3172","1454","1730","3222"
"1011",19-07,19-07,WAKE,,"92",43350.12269380001,"2985","1537","4849","2612","2149","4875","2746","2132","4878","2451","2100","4551","2402","2304","4706","2563","2253","4816","2477","2315","4792","2713","2109","4822","2748","2068","4816","2473","2330","4803","2659","2204","4926"
"1012",19-09,19-09,WAKE,,"92",113745.66157700001,"2651","1924","4872","2322","2439","4890","2422","2468","4890","2218","2428","4646","2021","2725","4746","2245","2604","4849","2216","2608","4824","2460","2400","4860","2401","2452","4853","2220","2616","4836","2291","2588","4935"
"1837",G66,G66,GUILFORD,,"41",22876.76796530000,"1261","467","1828","1181","585","1827","1219","601","1820","1128","622","1750","1050","707","1757","1132","671","1803","1141","657","1798","1212","595","1807","1261","550","1811","1124","667","1791","1174","651","1857"
"1013",19-11,19-11,WAKE,,"92",35855.74307700000,"1955","940","3114","1721","1298","3110","1811","1311","3122","1599","1316","2915","1485","1500","2985","1622","1434","3056","1613","1444","3057","1815","1273","3088","1778","1304","3082","1626","1433","3059","1723","1392","3152"
"1078","21",CLUB BOULEVARD SCHOOL,DURHAM,,"32",24699.21489850000,"1323","78","1436","1300","107","1431","1319","114","1433","1266","118","1384","1250","157","1407","1279","136","1415","1290","131","1421","1307","114","1421","1313","121","1434","1271","146","1417","1282","122","1431"
"1015",19-13,19-13,WAKE,,"92",47989.41599990000,"1240","512","1866","1126","684","1868","1171","688","1859","1069","697","1766","1007","799","1806","1094","742","1836","1080","741","1821","1163","687","1850","1155","686","1841","1091","744","1835","1130","734","1885"
"1079","21",MONOGRAM,CATAWBA,,"18",103455.11098699999,"446","1112","1647","335","1226","1623","356","1212","1568","318","1258","1576","277","1303","1580","316","1308","1624","292","1317","1609","346","1271","1617","357","1260","1617","307","1298","1605","317","1337","1675"
"1081","21",NORTH LOCKE,ROWAN,,"80",90880.02222180000,"793","1192","2120","696","1355","2117","749","1392","2141","657","1390","2047","602","1469","2071","637","1473","2110","639","1456","2095","714","1397","2111","727","1381","2108","658","1442","2100","666","1487","2171"
"1082","21",HADLEY,CHATHAM,,"19",158149.92738600000,"741","596","1381","665","686","1376","687","692","1379","626","699","1325","574","785","1359","630","729","1359","613","731","1344","699","661","1360","690","671","1361","640","712","1352","647","739","1405"
"1083","21.1",HAW CREEK ELEMENTARY SCHOOL,BUNCOMBE,,"11",57971.71787650000,"1724","333","2133","1643","436","2121","1677","438","2115","1593","428","2021","1585","488","2073","1611","484","2095","1600","493","2093","1668","437","2105","1638","457","2095","1609","478","2087","1655","473","2164"
"1838",G67,G67,GUILFORD,,"41",18217.15625510000,"930","53","1004","935","42","1000","941","57","998","937","43","980","917","55","972","945","47","992","944","50","994","940","51","991","940","59","999","943","52","995","959","55","1018"
"1016",19-14,19-14,WAKE,,"92",29220.92396610000,"1730","750","2648","1514","1087","2667","1571","1080","2651","1401","1118","2519","1341","1232","2573","1449","1171","2620","1402","1204","2606","1563","1066","2629","1540","1083","2623","1416","1204","2620","1516","1135","2700"
"1839",G68,G68,GUILFORD,,"41",18334.17072890000,"1228","37","1303","1231","31","1298","1249","46","1295","1218","35","1253","1202","46","1248","1245","41","1286","1239","45","1284","1243","46","1289","1254","38","1292","1237","47","1284","1275","30","1322"
"1017",19-15,19-15,WAKE,,"92",35985.85033220001,"1667","828","2667","1463","1151","2685","1530","1152","2682","1344","1197","2541","1281","1313","2594","1378","1270","2648","1353","1292","2645","1525","1140","2665","1466","1191","2657","1380","1282","2662","1432","1236","2710"
"1018",19-16,19-16,WAKE,,"92",68476.62351150000,"1518","842","2497","1384","1042","2507","1429","1077","2506","1353","1061","2414","1264","1200","2464","1367","1127","2494","1343","1136","2479","1457","1041","2498","1433","1059","2492","1371","1124","2495","1379","1112","2537"
"1840",G69,G69,GUILFORD,,"41",18134.31971850000,"1218","95","1355","1204","108","1351","1229","123","1352","1186","114","1300","1157","154","1311","1195","142","1337","1194","139","1333","1225","120","1345","1245","104","1349","1204","139","1343","1209","138","1366"
"1841",G6A,STEDMAN-G6,CUMBERLAND,,"26",160377.74351299999,"1342","2217","3752","1127","2522","3755","1156","2595","3751","1064","2561","3625","997","2637","3634","1077","2639","3716","1051","2642","3693","1194","2536","3730","1149","2575","3724","1085","2634","3719","1077","2719","3820"
"1842",G6B,BEAVER DAM-G6,CUMBERLAND,,"26",226644.65996100000,"249","627","904","219","663","902","227","679","906","204","676","880","190","697","887","208","700","908","204","690","894","244","661","905","227","670","897","207","691","898","200","712","913"
"1843",G6C,CEDAR CREEK-G6,CUMBERLAND,,"26",192906.56919000001,"588","792","1463","525","901","1469","547","924","1471","507","909","1416","484","946","1430","512","945","1457","508","948","1456","562","902","1464","537","924","1461","519","946","1465","508","971","1490"
"1019",19-17,19-17,WAKE,,"92",40921.39580400000,"3431","1056","4695","3243","1294","4669","3335","1330","4665","3161","1317","4478","2967","1543","4510","3188","1420","4608","3137","1461","4598","3317","1319","4636","3305","1307","4612","3148","1459","4607","3236","1440","4754"
"1020",19-18,19-18,WAKE,,"92",41289.63143290000,"2278","1259","3767","2052","1619","3774","2129","1629","3758","1955","1601","3556","1817","1819","3636","1959","1766","3725","1949","1765","3714","2119","1615","3734","2124","1610","3734","1936","1780","3716","2033","1724","3814"
"1024","19.1",SKYLAND FIRE DEPARTMENT,BUNCOMBE,,"11",38131.19270440000,"858","227","1135","823","283","1141","833","294","1127","766","303","1069","767","330","1097","800","323","1123","792","327","1119","825","298","1123","803","310","1113","784","333","1117","823","334","1172"
"1025","1920","1920",WAYNE,,"96",77313.22897580000,"1472","178","1702","1486","177","1718","1510","203","1713","1487","181","1668","1462","193","1655","1504","203","1707","1471","219","1690","1510","206","1716","1507","198","1705","1504","196","1700","1510","215","1742"
"1026",19A,LANDIS,ROWAN,,"80",92551.58301700000,"1094","2123","3413","910","2409","3418","974","2456","3430","877","2426","3303","775","2548","3323","856","2540","3396","836","2555","3391","928","2484","3412","936","2459","3395","846","2550","3396","878","2567","3473"
"1844",G70,G70,GUILFORD,,"41",16581.04827410000,"1575","71","1695","1572","67","1684","1598","89","1687","1578","64","1642","1554","91","1645","1586","84","1670","1591","85","1676","1593","80","1673","1605","77","1682","1577","99","1676","1601","92","1715"
"1029",1RB,REELSBORO,PAMLICO,,"69",247831.85866000000,"323","785","1162","268","851","1158","289","865","1154","248","876","1124","230","903","1133","263","889","1152","243","898","1141","295","853","1148","309","836","1145","252","895","1147","235","927","1171"
"1030","2",WEST EDENTON,CHOWAN,,"21",148893.97863900001,"1122","1133","2325","1017","1245","2309","1039","1268","2307","997","1228","2225","900","1352","2252","966","1319","2285","958","1306","2264","1086","1208","2294","1170","1124","2294","1004","1264","2268","1025","1312","2357"
"1031","2",PRECINCT  2,GATES,,"37",189161.71223100001,"186","514","720","174","530","719","171","534","705","160","512","672","141","553","694","155","555","710","156","536","692","181","526","707","186","519","705","158","541","699","156","571","733"
"1845",G71,G71,GUILFORD,,"41",24263.85828800000,"1285","71","1413","1296","72","1413","1321","87","1408","1296","71","1367","1266","94","1360","1315","86","1401","1310","90","1400","1319","85","1404","1327","84","1411","1302","96","1398","1296","102","1418"
"1032","2",COLUMBIA,TYRRELL,,"89",347304.43722899997,"401","575","1005","355","627","1004","382","626","1008","351","617","968","310","680","990","349","647","996","337","651","988","409","584","993","399","602","1001","358","632","990","351","684","1042"
"1033","20",WEST JEFFERSON,ASHE,,"5",233154.12035400001,"886","1307","2301","739","1506","2325","796","1539","2335","662","1521","2183","611","1613","2224","664","1620","2284","662","1599","2261","798","1520","2318","769","1523","2292","677","1608","2285","678","1658","2359"
"1035","20",BEECH MOUNTAIN,WATAUGA,,"95",61939.30930660000,"205","169","390","178","200","387","190","198","388","168","203","371","157","215","372","164","216","380","168","210","378","183","200","383","173","204","377","163","217","380","180","210","394"
"1036","20",BESSEMER CITY  1,GASTON,,"36",115750.91219000000,"803","1777","2744","679","2014","2768","735","2043","2778","644","2019","2663","607","2089","2696","636","2111","2747","631","2119","2750","683","2069","2752","665","2083","2748","635","2121","2756","611","2207","2840"
"1037","20",MAIDEN,CATAWBA,,"18",109084.45275700001,"797","1778","2720","657","1941","2673","682","1908","2590","618","1975","2593","562","2019","2581","619","2056","2675","600","2034","2634","660","1993","2653","725","1936","2661","612","2028","2640","622","2102","2748"
"1038","20",HOLLY GROVE 20,DAVIDSON,,"29",144642.34753699999,"558","1652","2333","416","1848","2337","468","1879","2347","370","1901","2271","317","1977","2294","374","1966","2340","350","1982","2332","437","1909","2346","508","1823","2331","369","1963","2332","353","1978","2359"
"1046",20-05,20-05,WAKE,,"92",42445.92025630000,"2646","1002","3883","2317","1478","3888","2378","1519","3897","2114","1603","3717","1930","1856","3786","2096","1727","3823","2048","1772","3820","2342","1522","3864","2370","1485","3855","2078","1763","3841","2273","1599","3949"
"1047",20-06A,20-06A,WAKE,,"92",49744.94963930000,"3365","1103","4742","3052","1548","4736","3140","1596","4736","2861","1631","4492","2695","1881","4576","2882","1763","4645","2828","1811","4639","3117","1576","4693","3158","1544","4702","2859","1814","4673","3040","1664","4800"
"1048",20-06B,20-06B,WAKE,,"92",22498.66651450000,"2248","812","3269","1982","1182","3263","2040","1223","3263","1865","1218","3083","1744","1401","3145","1868","1353","3221","1847","1359","3206","2042","1199","3241","2081","1155","3236","1866","1350","3216","1973","1285","3318"
"1913",H16,H16,GUILFORD,,"41",26740.98769280000,"525","333","918","448","432","920","482","439","921","414","445","859","392","501","893","416","499","915","420","493","913","485","427","912","511","408","919","408","501","909","429","502","952"
"1049",20-08,20-08,WAKE,,"92",38814.15622720000,"3026","1179","4489","2655","1676","4468","2799","1682","4481","2502","1727","4229","2299","2015","4314","2516","1872","4388","2421","1957","4378","2747","1671","4418","2797","1622","4419","2446","1940","4386","2657","1772","4545"
"1050",20-09,20-09,WAKE,,"92",37422.70425120000,"1807","590","2548","1592","902","2549","1652","901","2553","1459","974","2433","1335","1129","2464","1485","1031","2516","1446","1047","2493","1638","888","2526","1686","848","2534","1459","1060","2519","1604","926","2577"
"1051",20-10,20-10,WAKE,,"92",34846.96900660000,"2146","587","2859","1943","845","2853","1979","867","2846","1839","887","2726","1689","1077","2766","1831","974","2805","1792","995","2787","1998","836","2834","2026","811","2837","1789","1016","2805","1944","880","2886"
"1052",20-11,20-11,WAKE,,"92",53798.90673190000,"3906","1440","5684","3480","2001","5651","3612","2048","5660","3248","2139","5387","3059","2386","5445","3293","2273","5566","3160","2374","5534","3522","2075","5597","3586","2018","5604","3184","2392","5576","3438","2181","5727"
"1053",20-12,20-12,WAKE,,"92",75175.97351120002,"3974","1477","5748","3604","1983","5727","3701","2025","5726","3404","2085","5489","3248","2309","5557","3447","2212","5659","3335","2317","5652","3658","2028","5686","3665","2009","5674","3377","2292","5669","3504","2196","5810"
"1054",20-14,20-14,WAKE,,"92",88377.48110480000,"5032","1529","6867","4591","2134","6856","4696","2149","6845","4267","2270","6537","4184","2472","6656","4403","2339","6742","4184","2532","6716","4615","2168","6783","4608","2165","6773","4180","2567","6747","4463","2296","6915"
"1055",20-15,20-15,WAKE,,"92",43715.33250480000,"3224","900","4300","3033","1143","4270","3092","1179","4271","2897","1196","4093","2769","1342","4111","2906","1285","4191","2827","1351","4178","3033","1188","4221","3039","1173","4212","2819","1377","4196","2947","1278","4327"
"1056",20-16,20-16,WAKE,,"92",66956.22605810000,"3046","841","4050","2871","1068","4035","2911","1122","4033","2745","1118","3863","2649","1244","3893","2763","1222","3985","2714","1253","3967","2864","1133","3997","2878","1119","3997","2715","1272","3987","2840","1191","4108"
"1580",CC33,CROSS CREEK 33,CUMBERLAND,,"26",31439.17062550000,"1071","424","1577","1033","476","1582","1050","522","1572","1007","482","1489","992","514","1506","1026","531","1557","1005","548","1553","1056","516","1572","1035","532","1567","1028","541","1569","1019","570","1609"
"1057",20-17,20-17,WAKE,,"92",52014.83433680000,"3436","986","4591","3058","1420","4567","3154","1424","4578","2919","1481","4400","2773","1670","4443","2931","1560","4491","2817","1667","4484","3083","1446","4529","3123","1394","4517","2805","1697","4502","2974","1592","4647"
"1058","20.1",ASHEVILLE APOSTOLIC CHURCH,BUNCOMBE,,"11",43252.13437690000,"728","81","850","725","112","850","731","118","849","699","114","813","695","123","818","713","129","842","708","133","841","727","118","845","731","115","846","705","133","838","718","122","858"
"1060","201","201",MECKLENBURG,,"60",68534.00143580000,"5246","1633","7192","5083","1925","7195","5236","1984","7220","5019","1963","6982","4939","2049","6988","5065","2091","7156","5024","2129","7153","5140","2037","7177","5122","2045","7167","5021","2136","7157","4988","2111","7244"
"1914",H17,H17,GUILFORD,,"41",19222.94088160000,"594","174","818","571","209","814","582","226","808","558","223","781","535","238","773","568","234","802","558","241","799","574","229","803","590","217","807","578","223","801","577","249","834"
"1062","202","202",MECKLENBURG,,"60",126639.20685400000,"4799","2712","7968","4205","3567","7990","4436","3594","8030","3952","3714","7666","3854","3835","7689","4063","3860","7923","3895","4012","7907","4171","3782","7953","4183","3756","7939","3902","4013","7915","4149","3866","8109"
"1092","218","218",MECKLENBURG,,"60",37721.30361930000,"1275","999","2452","1161","1223","2451","1243","1229","2472","1095","1243","2338","1056","1308","2364","1112","1316","2428","1088","1345","2433","1167","1276","2443","1170","1262","2432","1083","1349","2432","1138","1284","2480"
"1063","203","203",MECKLENBURG,,"60",63506.99479170000,"5115","1073","6467","5050","1204","6455","5159","1299","6458","5042","1206","6248","4953","1296","6249","5102","1334","6436","5056","1376","6432","5130","1321","6451","5095","1337","6432","5040","1395","6435","4914","1405","6473"
"1068","205","205",MECKLENBURG,,"60",65866.19274830000,"2639","781","3565","2608","880","3568","2663","903","3566","2543","906","3449","2493","975","3468","2592","960","3552","2545","1010","3555","2626","930","3556","2602","951","3553","2539","1006","3545","2520","964","3567"
"1072","207","207",MECKLENBURG,,"60",56672.38102090000,"3027","1711","5034","2609","2298","5035","2762","2313","5075","2438","2374","4812","2383","2462","4845","2444","2543","4987","2362","2612","4974","2586","2422","5008","2539","2446","4985","2364","2620","4984","2612","2435","5115"
"1915",H18,H18,GUILFORD,,"41",23358.34193290000,"972","228","1256","961","258","1262","980","276","1256","948","270","1218","927","302","1229","960","282","1242","946","298","1244","967","277","1244","976","279","1255","958","290","1248","943","318","1274"
"1073","208","208",MECKLENBURG,,"60",69870.27797400000,"2162","1717","4215","1715","2436","4254","1863","2427","4290","1574","2559","4133","1556","2577","4133","1637","2609","4246","1515","2710","4225","1719","2537","4256","1676","2558","4234","1516","2720","4236","1709","2571","4317"
"1074","209","209",MECKLENBURG,,"60",139940.13062499999,"2595","1393","4276","2322","1803","4274","2445","1847","4292","2154","1863","4017","2098","1976","4074","2215","2008","4223","2120","2099","4219","2332","1919","4251","2289","1950","4239","2144","2082","4226","2263","1987","4318"
"1075","21",PARKTON,ROBESON,,"78",140901.26525400000,"666","797","1541","632","855","1540","651","887","1538","621","871","1492","583","901","1484","619","917","1536","611","914","1525","657","882","1539","640","897","1537","633","897","1530","612","947","1565"
"1916",H19A,H19A,GUILFORD,,"41",17588.03359300000,"704","105","835","687","125","841","693","144","837","670","141","811","649","160","809","672","160","832","672","156","828","683","151","834","697","142","839","676","157","833","677","156","843"
"1076","21","21",WAYNE,,"96",40943.36945330000,"901","281","1221","869","329","1228","899","329","1228","832","355","1187","798","401","1199","839","376","1215","825","376","1201","892","335","1227","893","328","1221","857","358","1215","870","356","1240"
"1077","21",BRICES CREEK,CRAVEN,,"25",114859.21174499999,"1193","1627","2990","1008","1921","3005","1044","1967","3011","898","1963","2861","839","2066","2905","931","2030","2961","861","2082","2943","1024","1962","2986","1060","1917","2977","875","2084","2959","951","2055","3033"
"1084","210","210",MECKLENBURG,,"60",65234.99634190000,"3926","464","4537","3898","522","4523","3983","553","4536","3894","521","4415","3838","564","4402","3955","565","4520","3922","596","4518","3972","557","4529","3939","589","4528","3933","590","4523","3849","604","4531"
"1085","211","211",MECKLENBURG,,"60",77677.82525040000,"6382","1107","7806","6286","1318","7804","6449","1362","7811","6233","1345","7578","6114","1468","7582","6315","1463","7778","6248","1529","7777","6348","1443","7791","6344","1438","7782","6241","1530","7771","6188","1516","7819"
"1086","212","212",MECKLENBURG,,"60",73625.08961450000,"7787","1163","9341","7680","1374","9317","7920","1401","9321","7661","1373","9034","7498","1507","9005","7783","1505","9288","7676","1613","9289","7799","1493","9292","7809","1491","9300","7671","1619","9290","7531","1554","9320"
"1087","213","213",MECKLENBURG,,"60",45419.70438290000,"3111","420","3680","3132","440","3681","3211","476","3687","3149","439","3588","3093","470","3563","3180","498","3678","3138","534","3672","3174","504","3678","3174","502","3676","3159","509","3668","3074","511","3665"
"1088","214","214",MECKLENBURG,,"60",44254.10580740001,"2233","436","2814","2182","542","2808","2247","564","2811","2156","563","2719","2114","592","2706","2189","605","2794","2159","638","2797","2226","575","2801","2223","575","2798","2130","667","2797","2175","580","2809"
"1089","215","215",MECKLENBURG,,"60",39817.62619090000,"1953","1029","3143","1779","1277","3138","1861","1294","3155","1660","1345","3005","1596","1437","3033","1662","1451","3113","1609","1505","3114","1777","1352","3129","1774","1360","3134","1620","1503","3123","1740","1380","3168"
"1090","216","216",MECKLENBURG,,"60",51733.79927620000,"2547","1401","4183","2370","1730","4192","2466","1745","4211","2248","1762","4010","2217","1818","4035","2281","1861","4142","2229","1916","4145","2377","1799","4176","2358","1780","4138","2229","1919","4148","2286","1842","4224"
"1130","237","237",MECKLENBURG,,"60",37925.16739680001,"2704","492","3360","2695","548","3352","2753","598","3351","2677","558","3235","2625","592","3217","2729","609","3338","2706","636","3342","2724","614","3338","2732","608","3340","2679","653","3332","2601","642","3338"
"1091","217","217",MECKLENBURG,,"60",50217.63406980000,"1324","725","2159","1226","889","2165","1294","883","2177","1159","921","2080","1135","939","2074","1168","974","2142","1169","974","2143","1234","920","2154","1248","908","2156","1148","992","2140","1222","934","2179"
"1093","219","219",MECKLENBURG,,"60",51572.12063200000,"1253","1048","2426","1147","1234","2449","1222","1227","2449","1103","1242","2345","1081","1289","2370","1115","1316","2431","1093","1327","2420","1172","1268","2440","1165","1264","2429","1104","1325","2429","1123","1306","2480"
"1094","22",LEXINGTON 1 22,DAVIDSON,,"29",108065.23646400000,"258","457","760","195","532","772","218","549","767","178","552","730","145","602","747","184","584","768","173","592","765","214","558","772","219","546","765","176","594","770","165","588","766"
"1131","238.1","238.1",MECKLENBURG,,"60",29467.68042080000,"2001","435","2568","1950","543","2564","2012","558","2570","1910","552","2462","1855","614","2469","1938","613","2551","1920","627","2547","1960","601","2561","1978","581","2559","1922","628","2550","1933","589","2575"
"1095","22","22",WAYNE,,"96",46906.71541580000,"728","391","1178","653","492","1177","674","506","1180","620","516","1136","560","579","1139","616","549","1165","601","553","1154","697","471","1168","676","490","1166","624","544","1168","640","555","1208"
"1186","29",ST STEPHENS 2,CATAWBA,,"18",79559.92247560000,"1345","2164","3684","1070","2470","3628","1068","2429","3497","974","2579","3553","875","2605","3480","954","2664","3618","915","2658","3573","1045","2570","3615","1083","2547","3630","948","2626","3574","1024","2709","3750"
"1917",H19B,H19B,GUILFORD,,"41",27528.01669440000,"552","243","830","480","334","834","496","341","837","446","360","806","400","413","813","447","376","823","440","376","816","488","339","827","521","307","828","449","372","821","477","374","859"
"1096","22",CROWDERS MOUNTAIN,GASTON,,"36",125744.69806500000,"1179","1886","3226","1058","2072","3218","1126","2097","3223","1005","2118","3123","984","2143","3127","1004","2191","3195","1002","2184","3186","1069","2135","3204","1061","2140","3201","1014","2188","3202","1009","2243","3280"
"1097","22",NORTH PEMBROKE,ROBESON,,"78",74579.13869110000,"614","951","1625","615","933","1601","571","1045","1616","603","945","1548","553","989","1542","586","987","1573","587","982","1569","638","955","1593","608","978","1586","618","963","1581","533","1119","1665"
"1099","22",MOUNT OLIVE,CATAWBA,,"18",81622.33549250000,"958","1644","2754","798","1826","2693","831","1767","2598","775","1857","2632","718","1884","2602","773","1929","2702","744","1907","2651","799","1891","2690","825","1878","2703","742","1916","2658","786","1995","2799"
"1100","22",MORGAN  1,ROWAN,,"80",153239.80606400000,"147","603","789","107","650","785","122","668","790","91","669","760","76","699","775","87","695","782","87","691","778","107","675","782","107","677","784","89","688","777","87","704","798"
"1101","22",VFW POST 2740,DURHAM,,"32",52000.16713790000,"2804","208","3108","2791","210","3095","2843","241","3084","2796","206","3002","2730","270","3000","2837","243","3080","2806","270","3076","2855","235","3090","2850","235","3085","2826","256","3082","2788","278","3111"
"1102","22.2",IRA B JONES SCHOOL AUDITORIUM,BUNCOMBE,,"11",52392.56596040000,"1742","205","2005","1639","317","1994","1653","336","1989","1554","339","1893","1562","379","1941","1585","379","1964","1573","387","1960","1642","333","1975","1631","343","1974","1569","400","1969","1650","342","2011"
"1918",H20A,H20A,GUILFORD,,"41",34818.83072940000,"562","290","906","505","367","916","541","375","916","494","391","885","471","420","891","501","408","909","500","402","902","534","375","909","531","378","909","507","398","905","513","399","930"
"1103","220","220",MECKLENBURG,,"60",44577.03939280000,"1462","1180","2780","1311","1419","2796","1360","1451","2811","1239","1457","2696","1190","1524","2714","1231","1547","2778","1199","1581","2780","1310","1489","2799","1303","1485","2788","1209","1573","2782","1281","1511","2829"
"1104","221","221",MECKLENBURG,,"60",68158.84921360000,"1935","2014","4191","1659","2456","4218","1776","2474","4250","1561","2495","4056","1483","2600","4083","1576","2609","4185","1520","2682","4202","1688","2511","4199","1680","2499","4179","1547","2634","4181","1641","2573","4269"
"1105","222","222",MECKLENBURG,,"60",65709.18069910000,"4373","931","5533","4326","1057","5534","4444","1098","5542","4303","1073","5376","4223","1150","5373","4350","1167","5517","4311","1203","5514","4385","1141","5526","4367","1144","5511","4316","1190","5506","4241","1194","5539"
"1106","223.1","223.1",MECKLENBURG,,"60",65152.86435340000,"4496","1423","6241","4272","1782","6237","4415","1844","6259","4134","1878","6012","4059","1948","6007","4173","2021","6194","4121","2077","6198","4286","1929","6215","4271","1929","6200","4120","2077","6197","4202","1990","6286"
"1107","224","224",MECKLENBURG,,"60",71443.48198800000,"1735","749","2614","1693","851","2621","1744","873","2617","1656","869","2525","1615","902","2517","1676","926","2602","1661","937","2598","1699","906","2605","1709","887","2596","1649","952","2601","1645","935","2622"
"1108","225","225",MECKLENBURG,,"60",64891.23128410000,"1552","725","2414","1423","904","2413","1519","911","2430","1348","946","2294","1320","994","2314","1372","1016","2388","1332","1060","2392","1440","971","2411","1435","957","2392","1328","1066","2394","1403","1017","2454"
"1109","226","226",MECKLENBURG,,"60",41712.70402160000,"1850","931","2945","1683","1211","2956","1774","1199","2973","1583","1253","2836","1552","1291","2843","1589","1331","2920","1572","1358","2930","1665","1281","2946","1683","1254","2937","1585","1343","2928","1678","1252","2975"
"1251","36",YATES BAPTIST CHURCH,DURHAM,,"32",30453.14691860000,"1912","159","2131","1853","233","2117","1893","233","2126","1826","233","2059","1777","293","2070","1836","270","2106","1823","273","2096","1899","220","2119","1871","233","2104","1812","283","2095","1865","254","2146"
"1252","36",SOUTH WARD,ROWAN,,"80",51172.88338620000,"1297","575","1982","1235","678","1986","1263","713","1976","1186","710","1896","1126","779","1905","1175","774","1949","1163","770","1933","1242","726","1968","1210","744","1954","1182","765","1947","1224","779","2028"
"1110","227","227",MECKLENBURG,,"60",58134.26308100000,"3763","1936","6021","3384","2518","6044","3535","2543","6078","3155","2660","5815","3089","2742","5831","3172","2818","5990","3122","2883","6005","3342","2683","6025","3355","2652","6007","3095","2903","5998","3317","2683","6089"
"1260","37",STERLINGS,ROBESON,,"78",221609.03634699999,"92","335","442","70","360","440","67","370","437","76","347","423","57","372","429","72","362","434","59","374","433","86","350","436","73","361","434","73","364","437","54","386","448"
"1261","37",COLE MILL CHURCH,DURHAM,,"32",71622.42844050002,"4200","970","5342","3895","1370","5361","3973","1391","5364","3661","1522","5183","3509","1727","5236","3703","1600","5303","3664","1619","5283","3966","1370","5336","3910","1391","5301","3687","1607","5294","3886","1462","5396"
"1262","37.1",BROAD RIVER COMMUNITY CENTER,BUNCOMBE,,"11",180229.35302700000,"612","579","1263","544","666","1253","589","655","1244","539","632","1171","527","684","1211","551","683","1234","547","692","1239","578","665","1243","560","675","1235","539","697","1236","554","718","1291"
"1111","228","228",MECKLENBURG,,"60",50336.96871370000,"2445","637","3247","2379","747","3236","2466","778","3244","2355","772","3127","2314","801","3115","2386","845","3231","2354","877","3231","2404","828","3232","2397","830","3227","2359","862","3221","2335","854","3257"
"1919",H20B,H20B,GUILFORD,,"41",32504.03548590000,"738","356","1160","656","461","1157","679","472","1151","635","474","1109","591","527","1118","624","525","1149","622","523","1145","661","491","1152","699","449","1148","628","511","1139","643","510","1173"
"1112","229","229",MECKLENBURG,,"60",93723.21505850001,"8333","3140","12112","7802","3968","12129","8126","4025","12151","7537","4149","11686","7436","4264","11700","7618","4408","12026","7451","4576","12027","7813","4258","12071","7766","4274","12040","7461","4575","12036","7721","4318","12210"
"1113","23",MOUNTAIN VIEW 1,CATAWBA,,"18",106891.00112200000,"1221","2049","3427","1002","2273","3346","1052","2200","3252","942","2327","3269","870","2366","3236","956","2406","3362","895","2400","3295","1011","2317","3328","1071","2290","3361","936","2373","3309","993","2429","3461"
"1114","23",MORGAN  2,ROWAN,,"80",131559.45931000001,"256","991","1336","195","1101","1334","232","1109","1341","178","1104","1282","148","1164","1312","187","1138","1325","169","1154","1323","216","1116","1332","191","1133","1324","179","1145","1324","170","1171","1361"
"1115","23",SOUTH PEMBROKE,ROBESON,,"78",146482.13759200001,"725","1390","2212","723","1383","2181","643","1561","2204","702","1402","2104","608","1483","2091","649","1499","2148","633","1485","2118","747","1422","2169","692","1469","2161","721","1435","2156","564","1707","2291"
"1116","23",GRANTHAM 2B,CRAVEN,,"25",118381.32753900001,"2429","2273","4965","1994","2824","4970","2117","2858","4975","1841","2913","4754","1734","3054","4788","1904","2997","4901","1761","3099","4860","2032","2907","4939","2028","2883","4911","1786","3130","4916","1927","3055","5034"
"1117","23","23",WAYNE,,"96",77997.44054790000,"638","526","1209","579","591","1202","604","599","1203","571","584","1155","542","615","1157","577","608","1185","566","609","1175","608","585","1193","596","598","1194","580","611","1191","583","632","1228"
"1118","23",THE RIVER CHURCH,DURHAM,,"32",79396.56500020000,"4449","474","5096","4404","531","5081","4523","569","5092","4403","535","4938","4311","645","4956","4468","605","5073","4437","639","5076","4519","564","5083","4496","579","5075","4421","636","5057","4412","625","5114"
"1119","23",BELMONT  1,GASTON,,"36",43928.99756870000,"1690","1267","3167","1414","1675","3173","1555","1623","3178","1306","1678","2984","1240","1774","3014","1279","1826","3105","1256","1845","3101","1414","1711","3125","1433","1696","3129","1272","1846","3118","1388","1792","3217"
"1121","23.2",ASHEVILLE APOSTOLIC CHURCH,BUNCOMBE,,"11",79953.95196660000,"433","90","552","413","126","548","419","129","548","383","136","519","392","143","535","392","146","538","391","151","542","418","130","548","405","141","546","395","150","545","415","136","558"
"1122","23.3",EVERGREEN CHARTER SCHOOL,BUNCOMBE,,"11",43672.79835390000,"585","125","734","548","163","724","564","166","730","528","166","694","522","185","707","545","178","723","533","188","721","562","161","723","561","160","721","535","182","717","555","178","742"
"1123","230","230",MECKLENBURG,,"60",97865.77001110000,"5953","1660","7926","5751","1923","7906","5974","1954","7928","5654","1962","7616","5564","2053","7617","5753","2124","7877","5653","2212","7865","5796","2090","7886","5804","2084","7888","5662","2208","7870","5626","2170","7941"
"1124","231","231",MECKLENBURG,,"60",49425.97953030000,"2400","1078","3683","2253","1325","3697","2358","1358","3716","2189","1350","3539","2144","1399","3543","2230","1441","3671","2160","1505","3665","2289","1409","3698","2265","1408","3673","2156","1508","3664","2212","1486","3759"
"1125","232","232",MECKLENBURG,,"60",34272.22074260000,"2459","1347","4042","2212","1727","4040","2302","1770","4072","2065","1822","3887","2015","1894","3909","2079","1923","4002","2010","1980","3990","2213","1811","4024","2185","1817","4002","2037","1970","4007","2167","1875","4103"
"1126","233","233",MECKLENBURG,,"60",41909.02998440000,"2411","1289","3914","2098","1810","3973","2210","1786","3996","1861","1941","3802","1757","2085","3842","1855","2054","3909","1792","2119","3911","2055","1880","3935","2031","1875","3906","1816","2096","3912","2090","1865","4002"
"1127","234","234",MECKLENBURG,,"60",44552.94437520000,"1581","971","2700","1473","1133","2707","1543","1173","2716","1453","1132","2585","1427","1176","2603","1485","1214","2699","1455","1240","2695","1522","1185","2707","1501","1185","2686","1461","1225","2686","1454","1239","2731"
"1128","235","235",MECKLENBURG,,"60",38516.63318870000,"1503","828","2489","1437","998","2505","1481","1040","2521","1387","1037","2424","1357","1084","2441","1394","1094","2488","1374","1123","2497","1444","1064","2508","1443","1049","2492","1380","1115","2495","1398","1075","2524"
"1129","236","236",MECKLENBURG,,"60",81386.53118239999,"2485","2240","4961","2225","2630","4974","2345","2667","5012","2125","2694","4819","2038","2784","4822","2141","2813","4954","2048","2890","4938","2229","2746","4975","2214","2738","4952","2076","2877","4953","2182","2771","5027"
"1132","239","239",MECKLENBURG,,"60",40411.58447120001,"2704","512","3374","2630","625","3356","2701","661","3362","2585","659","3244","2532","720","3252","2623","714","3337","2600","742","3342","2656","698","3354","2650","699","3349","2589","751","3340","2578","713","3375"
"1133","24",PHILADELPHUS,ROBESON,,"78",149705.81230900000,"230","499","756","234","487","736","207","535","742","221","492","713","207","506","713","218","514","732","206","515","721","242","489","731","231","494","725","238","485","723","195","582","783"
"1134","24","24",WAYNE,,"96",236390.69316100000,"425","1587","2072","334","1708","2078","348","1732","2080","283","1749","2032","236","1826","2062","262","1802","2064","265","1780","2045","405","1669","2074","355","1710","2065","292","1769","2061","284","1815","2111"
"1301","42",WEST WARD 3,ROWAN,,"80",33546.47969270000,"715","61","812","721","55","815","734","71","805","728","53","781","721","50","771","748","62","810","728","68","796","737","70","807","740","62","802","741","65","806","770","64","855"
"1135","24",DPS STAFF DEVELOPMENT CENTER,DURHAM,,"32",45101.46552030000,"2556","463","3145","2420","667","3161","2468","699","3167","2310","764","3074","2184","915","3099","2311","829","3140","2307","816","3123","2472","683","3155","2451","684","3135","2304","816","3120","2407","748","3197"
"1136","24",BELMONT  2,GASTON,,"36",48465.22625930000,"1205","1077","2439","1074","1280","2431","1163","1282","2445","1014","1279","2293","986","1339","2325","1026","1375","2401","1019","1381","2400","1070","1336","2406","1088","1318","2406","1029","1379","2408","1042","1421","2487"
"1137","24",MT. ULLA,ROWAN,,"80",133681.97741600001,"338","860","1277","261","992","1285","286","1007","1293","237","1002","1239","207","1052","1259","230","1039","1269","224","1040","1264","265","1015","1280","278","991","1269","231","1034","1265","232","1071","1313"
"1139","24",LEXINGTON 2 24,DAVIDSON,,"29",81036.12112359999,"472","773","1324","394","887","1327","421","911","1332","367","925","1292","313","993","1306","377","948","1325","369","954","1323","420","913","1333","424","905","1329","368","956","1324","377","952","1339"
"1140","24",MOUNTAIN VIEW 2,CATAWBA,,"18",148788.48165000000,"1030","2063","3247","826","2284","3184","851","2224","3075","787","2339","3126","712","2372","3084","780","2408","3188","746","2397","3143","860","2333","3193","884","2311","3195","775","2392","3167","811","2452","3288"
"1142","24.1",CROSSROADS ASSEMBLY,BUNCOMBE,,"11",90220.85762710001,"1316","501","1893","1224","621","1886","1252","636","1888","1175","625","1800","1143","679","1822","1210","657","1867","1165","699","1864","1242","638","1880","1214","643","1857","1173","691","1864","1211","687","1927"
"1302","42",SHEPHARD MAGNET SCHOOL,DURHAM,,"32",20107.16331540000,"828","33","877","833","30","876","843","37","880","821","31","852","811","37","848","838","34","872","833","38","871","839","34","873","841","34","875","830","34","864","815","39","874"
"1303","42.1",HAZEL 1 - EMMA ELEMENTARY SCHOOL,BUNCOMBE,,"11",60265.64228490000,"963","544","1597","896","627","1582","926","649","1575","878","636","1514","858","670","1528","885","688","1573","879","686","1565","919","662","1581","888","674","1562","886","687","1573","884","708","1615"
"1143","240","240",MECKLENBURG,,"60",53021.24640700000,"2703","1886","4911","2317","2463","4923","2447","2506","4953","2134","2607","4741","2104","2650","4754","2177","2709","4886","2084","2786","4870","2289","2623","4912","2250","2643","4893","2063","2827","4890","2278","2687","5010"
"1144","241","241",MECKLENBURG,,"60",92776.46136190000,"5684","2550","8629","5274","3190","8640","5471","3178","8649","5072","3304","8376","4959","3445","8404","5121","3468","8589","4996","3598","8594","5274","3334","8608","5231","3368","8599","4967","3623","8590","5178","3399","8708"
"1310","44",MIDWAY 44,DAVIDSON,,"29",115222.92099400000,"1082","1983","3241","857","2324","3266","917","2355","3272","767","2402","3169","661","2544","3205","778","2477","3255","765","2475","3240","882","2387","3269","965","2278","3243","765","2494","3259","797","2462","3291"
"1311","44.1",LOWER HOMINY 1 - OAK FOREST PRESBYTERIAN,BUNCOMBE,,"11",134257.31593899999,"3173","1561","4949","2933","1893","4936","3015","1901","4916","2804","1893","4697","2776","2026","4802","2844","2039","4883","2807","2074","4881","2956","1946","4902","2931","1961","4892","2803","2088","4891","2938","2026","5023"
"1312","45",TEMPLE BAPTIST CHURCH,DURHAM,,"32",146968.69955399999,"3331","979","4507","3124","1268","4504","3190","1323","4513","2967","1352","4319","2801","1576","4377","2990","1468","4458","2997","1453","4450","3200","1285","4485","3155","1309","4464","2985","1462","4447","3112","1378","4553"
"1314","45",MOUNT HOLLY  1,GASTON,,"36",82473.55344790002,"1658","1267","3099","1530","1471","3094","1592","1503","3095","1452","1490","2942","1423","1551","2974","1470","1589","3059","1440","1611","3051","1505","1556","3061","1515","1552","3067","1444","1617","3061","1494","1621","3160"
"1315","45",ELLIS,ROWAN,,"80",87010.66282509999,"491","435","982","449","509","985","465","520","985","428","513","941","414","533","947","431","543","974","416","547","963","454","527","981","450","523","973","426","551","977","437","559","1002"
"1316","45.1",ENKA MIDDLE SCHOOL,BUNCOMBE,,"11",83286.49942940002,"2093","1191","3429","1894","1417","3401","1949","1455","3404","1828","1399","3227","1780","1525","3305","1849","1499","3348","1839","1507","3346","1906","1471","3377","1905","1467","3372","1852","1517","3369","1877","1551","3470"
"1317","46",NORTH DAVIDSON 46,DAVIDSON,,"29",87078.14416380000,"657","1362","2166","498","1585","2167","563","1611","2174","463","1624","2087","385","1753","2138","444","1719","2163","424","1732","2156","531","1639","2170","563","1604","2167","450","1716","2166","454","1716","2190"
"1145","242","242",MECKLENBURG,,"60",65488.42907880000,"1388","1197","2765","1058","1725","2824","1152","1684","2836","922","1824","2746","923","1825","2748","957","1840","2797","894","1898","2792","1031","1789","2820","1026","1774","2800","904","1898","2802","1084","1749","2854"
"1146","243","243",MECKLENBURG,,"60",82255.06914420000,"6005","1859","8298","5708","2315","8292","5941","2373","8314","5548","2416","7964","5470","2529","7999","5635","2613","8248","5510","2738","8248","5744","2534","8278","5715","2544","8259","5524","2720","8244","5629","2595","8341"
"1147","25",NORTHERN HIGH SCHOOL,DURHAM,,"32",138089.25811200001,"1731","906","2752","1535","1140","2750","1583","1173","2756","1424","1217","2641","1333","1336","2669","1433","1283","2716","1450","1261","2711","1610","1132","2742","1552","1171","2723","1461","1259","2720","1511","1228","2779"
"1148","25",RAFT SWAMP,ROBESON,,"78",132160.58554900001,"394","616","1055","394","607","1044","347","706","1053","382","625","1007","333","669","1002","354","670","1024","367","652","1019","397","640","1037","387","641","1028","394","636","1030","321","784","1110"
"1150","25",NORTH NEWTON,CATAWBA,,"18",52675.55115080000,"570","795","1463","526","858","1437","532","842","1374","510","870","1380","480","885","1365","519","914","1433","489","908","1397","522","891","1413","523","906","1429","511","900","1411","517","945","1479"
"1152","25",ROCKWELL,ROWAN,,"80",144041.32869400000,"724","2002","2917","567","2261","2922","639","2285","2924","511","2282","2793","447","2393","2840","501","2398","2899","492","2374","2866","559","2342","2901","580","2322","2902","499","2384","2883","518","2422","2967"
"1153","25.1",CHARLES C BELL SCHOOL,BUNCOMBE,,"11",59578.85115810000,"1389","302","1764","1322","384","1747","1358","394","1752","1274","375","1649","1258","432","1690","1309","413","1722","1285","438","1723","1340","396","1736","1326","401","1727","1286","437","1723","1324","420","1781"
"1154","2530","2530",WAYNE,,"96",123148.89474600001,"1242","978","2322","1159","1109","2337","1205","1134","2339","1120","1144","2264","1027","1240","2267","1089","1225","2314","1096","1207","2303","1232","1097","2329","1200","1118","2318","1134","1186","2320","1158","1207","2393"
"1187","29","29",WAYNE,,"96",26827.03244940000,"813","282","1134","777","331","1141","802","340","1142","753","342","1095","723","376","1099","766","363","1129","754","372","1126","806","329","1135","801","329","1130","766","364","1130","799","356","1167"
"1157","26",OAKLAND HEIGHTS,CATAWBA,,"18",35007.54296810000,"808","580","1477","670","748","1451","684","710","1394","647","751","1398","592","799","1391","625","830","1455","608","814","1422","688","757","1445","706","750","1456","624","810","1434","676","800","1495"
"1158","26",LEXINGTON 3 26,DAVIDSON,,"29",53828.57392400000,"478","553","1090","403","658","1100","440","663","1103","377","677","1054","333","724","1057","367","726","1093","376","713","1089","428","670","1098","428","664","1092","386","706","1092","393","706","1113"
"1159","26",BAHAMA VFD - ROUGEMONT STATION,DURHAM,,"32",120662.58865500000,"631","545","1232","552","656","1234","565","672","1237","496","691","1187","469","742","1211","520","705","1225","515","705","1220","583","648","1231","550","678","1228","519","702","1221","540","701","1252"
"1160","26",GOLD KNOB,ROWAN,,"80",85955.56114090000,"350","1112","1535","261","1249","1546","299","1248","1547","223","1259","1482","194","1312","1506","228","1308","1536","218","1306","1524","266","1277","1543","277","1247","1524","209","1320","1529","238","1329","1575"
"1161","26","26",WAYNE,,"96",131263.10063900001,"882","647","1589","846","706","1590","854","732","1586","830","712","1542","793","755","1548","832","744","1576","824","744","1568","890","690","1580","868","709","1577","830","749","1579","842","761","1612"
"1162","26.1",ASHEVILLE SCHOOL ATHLETIC CENTER,BUNCOMBE,,"11",35576.95689430000,"1213","223","1488","1173","264","1487","1214","268","1482","1140","253","1393","1135","292","1427","1171","298","1469","1152","307","1459","1204","276","1480","1183","294","1477","1167","310","1477","1181","301","1509"
"1163",26A,RED SPRINGS,ROBESON,,"78",114510.78279500001,"1259","626","1948","1224","649","1929","1226","709","1935","1196","662","1858","1172","702","1874","1211","707","1918","1190","705","1895","1279","656","1935","1233","692","1925","1226","691","1917","1225","779","2016"
"1164","27",SOUTH POINT,GASTON,,"36",81976.65050160000,"2040","2036","4394","1632","2653","4401","1807","2610","4417","1471","2691","4162","1430","2803","4233","1502","2814","4316","1403","2904","4307","1597","2756","4353","1676","2657","4333","1447","2875","4322","1591","2841","4481"
"1165","27",RUTHERFORDTON  1,RUTHERFORD,,"81",96629.13448199999,"1133","1370","2623","964","1597","2624","1010","1620","2630","896","1600","2496","850","1693","2543","896","1691","2587","894","1667","2561","983","1622","2605","970","1619","2589","905","1678","2583","931","1725","2681"
"1189","29",SANDY MUSH,RUTHERFORD,,"81",74169.72506670000,"498","856","1425","409","1001","1447","425","1020","1445","389","998","1387","386","1014","1400","398","1033","1431","392","1031","1423","421","1012","1433","424","1007","1431","397","1030","1427","397","1060","1465"
"1166","27",CREEKSIDE ELEMENTARY,DURHAM,,"32",46097.30828410000,"2445","298","2822","2240","511","2821","2297","531","2828","2128","592","2720","2056","690","2746","2171","624","2795","2128","651","2779","2299","518","2817","2261","537","2798","2122","675","2797","2262","533","2836"
"1167","27",SCOTCH IRISH,ROWAN,,"80",152956.86701900000,"262","683","999","217","756","999","232","772","1004","205","748","953","180","791","971","199","794","993","194","788","982","224","769","993","238","753","991","205","784","989","200","818","1028"
"1168","27",OXFORD,CATAWBA,,"18",133724.77194899999,"811","2217","3173","675","2346","3095","683","2312","2995","647","2404","3051","582","2416","2998","640","2463","3103","599","2462","3061","660","2421","3081","692","2409","3101","622","2446","3068","636","2551","3206"
"1195","3",ALBRIGHT,CHATHAM,,"19",161792.32154999999,"495","895","1461","418","1009","1465","433","1032","1465","393","1022","1415","315","1129","1444","366","1077","1443","374","1061","1435","446","1010","1456","444","1002","1446","385","1062","1447","397","1081","1493"
"1196","3",PRECINCT  3,GATES,,"37",214104.44225600001,"660","719","1432","655","735","1428","649","770","1419","634","723","1357","619","757","1376","645","766","1411","626","763","1389","676","745","1421","649","754","1403","651","755","1406","662","793","1471"
"1197","30",DUNBAR 30,DAVIDSON,,"29",60863.05312300000,"924","235","1215","900","260","1202","932","277","1209","911","262","1173","880","273","1153","914","290","1204","925","281","1206","927","284","1211","936","269","1205","914","291","1205","891","289","1209"
"1321","47",HOLMES RECREATION CENTER,DURHAM,,"32",40200.30543650000,"1305","78","1414","1294","86","1407","1320","91","1411","1277","97","1374","1252","115","1367","1293","106","1399","1284","115","1399","1304","96","1400","1301","100","1401","1287","108","1395","1284","110","1421"
"1322","47.1",UPPER HOMINY 1 - PISGAH ELEMENTARY,BUNCOMBE,,"11",140090.04370899999,"1429","1613","3209","1227","1868","3203","1300","1898","3198","1166","1860","3026","1107","2008","3115","1172","1993","3165","1138","2036","3174","1229","1959","3188","1210","1963","3173","1174","2013","3187","1172","2065","3277"
"1170","27","27",WAYNE,,"96",60930.07319810000,"742","271","1057","747","277","1057","759","299","1058","743","285","1028","729","305","1034","751","303","1054","736","304","1040","772","287","1059","752","302","1054","753","301","1054","755","303","1071"
"1171","27.2",BEAVERDAM COMMUNITY CENTER,BUNCOMBE,,"11",91089.97265000000,"598","104","717","558","144","713","564","148","712","534","157","691","530","169","699","546","161","707","540","168","708","563","147","710","554","150","704","529","177","706","563","158","724"
"1323","48",REEDS/YADKIN COLLEGE 48,DAVIDSON,,"29",115009.66341100000,"566","1437","2126","414","1657","2135","449","1689","2138","377","1704","2081","298","1805","2103","356","1780","2136","351","1772","2123","437","1703","2140","498","1638","2136","366","1760","2126","365","1763","2138"
"1324","48",CHRIST THE KING MORAVIAN,DURHAM,,"32",38079.29642600000,"0","0","0","0","0","0","0","0","0","0","0","0","0","0","0","0","0","0","0","0","0","0","0","0","0","0","0","0","0","0","0","0","0"
"1325","48.1",HOMINY VALLEY ELEMENTARY,BUNCOMBE,,"11",90620.64360760000,"1601","1263","3043","1391","1523","3010","1460","1550","3010","1319","1511","2830","1258","1656","2914","1359","1631","2990","1333","1663","2996","1422","1598","3020","1404","1602","3006","1336","1656","2992","1374","1689","3092"
"1326","49.1",UPPER HOMINY 3 - POLE CREEK BAPTIST,BUNCOMBE,,"11",106355.24392900000,"1512","1645","3352","1294","1919","3328","1367","1945","3312","1271","1888","3159","1189","2042","3231","1270","2024","3294","1259","2041","3300","1327","1979","3306","1315","1986","3301","1274","2019","3293","1264","2097","3411"
"1172","28",ST STEPHENS 1,CATAWBA,,"18",51524.03739000000,"870","1290","2269","747","1406","2225","742","1398","2140","701","1458","2159","661","1462","2123","721","1504","2225","665","1512","2177","746","1466","2212","748","1486","2234","711","1488","2199","714","1555","2298"
"1173","28","28",WAYNE,,"96",217282.05172200000,"966","1204","2255","871","1299","2248","915","1332","2247","864","1317","2181","803","1383","2186","868","1369","2237","859","1363","2222","951","1292","2243","906","1325","2231","865","1373","2238","884","1402","2298"
"1175","28",RUTHERFORDTON  2,RUTHERFORD,,"81",114126.36822999999,"389","737","1176","335","821","1177","350","820","1170","315","814","1129","304","823","1127","317","842","1159","311","836","1147","342","821","1163","344","827","1171","317","844","1161","334","866","1203"
"1176","28",BAHAMA RURITAN CLUB,DURHAM,,"32",197108.09487900001,"1796","1218","3168","1599","1467","3150","1674","1496","3170","1498","1524","3022","1401","1668","3069","1536","1585","3121","1521","1594","3115","1664","1484","3148","1623","1502","3125","1515","1600","3115","1594","1570","3196"
"1177","28",RENNERT,ROBESON,,"78",122727.65563700000,"221","471","721","218","461","710","216","510","726","224","467","691","200","494","694","210","493","703","207","491","698","222","484","706","221","485","706","217","488","705","187","557","749"
"1178","28",LEXINGTON 4 28,DAVIDSON,,"29",79021.35915270000,"871","1254","2261","679","1502","2253","729","1541","2270","634","1541","2175","550","1661","2211","619","1639","2258","605","1645","2250","719","1546","2265","758","1497","2255","632","1625","2257","637","1623","2285"
"1180","28",SPENCER,ROWAN,,"80",64809.51709990000,"937","559","1592","876","653","1593","898","688","1586","841","668","1509","796","728","1524","843","738","1581","844","727","1571","901","691","1592","885","693","1578","854","730","1584","864","730","1616"
"1181","28.1",COVENANT REFORMED PRESBYTERIAN,BUNCOMBE,,"11",29570.04842580000,"1465","103","1635","1434","147","1620","1463","152","1615","1385","149","1534","1383","179","1562","1426","175","1601","1405","195","1600","1437","170","1607","1445","160","1605","1388","205","1593","1426","180","1637"
"1183","29",ROWLAND,ROBESON,,"78",152265.51573000001,"506","326","854","499","333","851","495","355","850","493","332","825","476","351","827","490","353","843","483","350","833","515","333","848","498","347","845","498","345","843","494","387","889"
"1184","29",GLENN ELEMENTARY,DURHAM,,"32",135326.64420400001,"2317","906","3337","2240","1013","3338","2283","1062","3345","2194","1043","3237","2109","1123","3232","2193","1118","3311","2203","1107","3310","2292","1042","3334","2248","1078","3326","2195","1120","3315","2188","1143","3372"
"1185","29",STEELE,ROWAN,,"80",106626.23046100000,"288","619","956","214","718","957","238","723","961","198","728","926","166","774","940","187","760","947","185","755","940","211","744","955","214","733","947","204","749","953","203","767","975"
"1190","29.2",NEW HOPE PRESBYTERIAN,BUNCOMBE,,"11",51519.08697760000,"2055","427","2581","1877","620","2568","1944","621","2565","1821","632","2453","1756","748","2504","1822","707","2529","1800","727","2527","1919","639","2558","1884","648","2532","1841","696","2537","1918","666","2627"
"1191",2OT,ORIENTAL,PAMLICO,,"69",259999.94955600001,"930","744","1759","815","904","1759","839","928","1767","768","937","1705","715","993","1708","761","982","1743","748","988","1736","844","917","1761","803","939","1742","749","997","1746","792","983","1788"
"1193","3",GUMNECK,TYRRELL,,"89",353668.04493400001,"46","71","123","43","68","117","48","72","120","46","64","110","38","80","118","46","72","118","42","70","112","52","66","118","51","64","115","43","71","114","39","88","128"
"1194","3",ROCKY HOCK,CHOWAN,,"21",141355.07118999999,"270","960","1258","230","990","1241","227","1001","1228","223","977","1200","190","1033","1223","219","1002","1221","214","997","1211","267","962","1229","324","893","1217","222","993","1215","224","1039","1269"
"1198","30",SANDY RIDGE,CATAWBA,,"18",40609.50822630000,"1305","1391","2823","1138","1550","2771","1139","1533","2672","1080","1612","2692","1020","1632","2652","1109","1658","2767","1049","1672","2721","1139","1615","2754","1135","1636","2771","1066","1663","2729","1120","1731","2874"
"1199","30",SPINDALE,RUTHERFORD,,"81",107638.90605600001,"1028","1155","2275","915","1281","2269","950","1323","2273","882","1291","2173","856","1327","2183","885","1358","2243","877","1355","2232","943","1315","2258","942","1320","2262","908","1344","2252","897","1408","2321"
"1200","30",SADDLETREE,ROBESON,,"78",164958.25250700000,"616","1099","1796","608","1140","1793","537","1266","1803","571","1161","1732","495","1238","1733","513","1263","1776","555","1205","1760","600","1181","1781","580","1197","1777","566","1208","1774","478","1388","1879"
"1202","30",HICKORY MOUNTAIN,CHATHAM,,"19",184815.47366200000,"742","729","1564","653","864","1569","693","874","1567","630","870","1500","592","945","1537","633","908","1541","631","906","1537","702","851","1553","690","857","1547","627","914","1541","638","920","1580"
"1204","30",SUMNER,ROWAN,,"80",117192.62431200000,"712","879","1691","648","982","1697","672","1020","1692","623","994","1617","574","1044","1618","616","1064","1680","594","1062","1656","655","1024","1679","642","1028","1670","607","1071","1678","623","1100","1741"
"1206",30-2,SOUTHERN HIGH SCHOOL,DURHAM,,"32",58419.07538440000,"5258","746","6189","5168","852","6174","5253","923","6176","5110","872","5982","4962","1011","5973","5170","978","6148","5113","1034","6147","5262","905","6167","5238","925","6163","5140","1012","6152","5125","1000","6224"
"1207","30.2",AVERYS CREEK ELEMENTARY SCHOOL,BUNCOMBE,,"11",86651.59631110000,"1604","831","2562","1420","1049","2549","1484","1058","2542","1340","1050","2390","1313","1139","2452","1376","1122","2498","1336","1165","2501","1430","1098","2528","1438","1071","2509","1349","1165","2514","1446","1121","2602"
"1208","30.3",AVERYS CREEK COMMUNITY CENTER,BUNCOMBE,,"11",59575.78528610000,"1738","924","2802","1505","1215","2796","1567","1224","2791","1402","1231","2633","1369","1330","2699","1444","1304","2748","1416","1332","2748","1532","1245","2777","1491","1264","2755","1425","1336","2761","1531","1279","2846"
"1224","32",ROBBINS 32,DAVIDSON,,"29",39109.05687440000,"609","286","964","556","349","956","592","372","964","532","382","914","507","414","921","542","409","951","544","407","951","575","381","956","575","378","953","545","401","946","535","419","975"
"1225","32",UNITY,ROWAN,,"80",121432.43990300001,"423","870","1360","369","970","1373","395","971","1366","347","971","1318","316","1025","1341","342","1011","1353","331","1012","1343","388","981","1369","393","966","1359","339","1016","1355","343","1038","1397"
"1226","32",SOUTH NEWTON,CATAWBA,,"18",82835.33690230000,"944","1242","2304","813","1380","2261","840","1369","2209","792","1413","2205","722","1463","2185","775","1499","2274","733","1517","2250","824","1437","2261","837","1437","2274","781","1473","2254","808","1493","2328"
"1227","32.1",BLACK MOUNTAIN 1 - OWEN MIDDLE SCHOOL,BUNCOMBE,,"11",209729.14480600000,"1010","646","1727","920","770","1728","938","774","1712","879","748","1627","850","818","1668","875","805","1680","870","822","1692","924","790","1714","912","780","1692","875","819","1694","908","830","1765"
"1228",32A,ST PAULS,ROBESON,,"78",245290.38640200000,"1356","1527","2989","1312","1594","2986","1323","1672","2995","1292","1598","2890","1234","1663","2897","1280","1680","2960","1262","1666","2928","1353","1617","2970","1326","1637","2963","1303","1664","2967","1275","1762","3056"
"1230","33",SPRINGS,CATAWBA,,"18",127453.38143400000,"1179","2278","3625","939","2485","3532","985","2452","3437","902","2582","3484","822","2621","3443","892","2682","3574","839","2656","3495","970","2571","3541","969","2597","3566","885","2641","3526","908","2727","3661"
"1231","33",SHANNON,ROBESON,,"78",75241.93347120000,"147","231","393","144","231","387","140","254","394","142","232","374","134","239","373","140","243","383","131","248","379","152","236","388","140","246","386","146","239","385","131","268","402"
"1232","33",TRYON,GASTON,,"36",103259.32241900000,"399","1281","1819","343","1444","1839","377","1457","1834","312","1464","1776","276","1512","1788","302","1522","1824","309","1512","1821","330","1494","1824","319","1504","1823","311","1508","1819","296","1551","1861"
"1233","33",BOSTIAN SCHOOL,ROWAN,,"80",71225.32469410000,"329","1097","1496","230","1245","1508","265","1247","1512","200","1268","1468","189","1294","1483","197","1304","1501","196","1293","1489","223","1278","1501","240","1260","1500","199","1300","1499","197","1317","1524"
"1234","33.2",BLACK MOUNTAIN PRIMARY SCHOOL,BUNCOMBE,,"11",42889.37434770001,"773","380","1204","705","446","1188","731","455","1186","677","438","1115","665","481","1146","696","473","1169","681","485","1166","719","461","1180","708","460","1168","681","484","1165","715","485","1212"
"1235","33.3",BLACK MOUNTAIN ELEMENTARY SCHOOL,BUNCOMBE,,"11",42855.23350240000,"1035","504","1621","948","587","1587","991","600","1591","926","565","1491","912","610","1522","950","618","1568","936","634","1570","982","603","1585","968","605","1573","944","629","1573","971","631","1640"
"1236","34",STARTOWN,CATAWBA,,"18",148405.89567200001,"1246","2173","3578","977","2444","3512","984","2410","3394","918","2499","3417","828","2554","3382","922","2600","3522","862","2603","3465","1013","2495","3508","1070","2445","3515","907","2580","3487","941","2648","3620"
"1237","34",LANDERS CHAPEL,GASTON,,"36",92773.62958300000,"437","1307","1853","347","1457","1865","387","1469","1856","330","1464","1794","313","1496","1809","326","1520","1846","323","1520","1843","361","1486","1847","352","1495","1847","324","1524","1848","316","1570","1897"
"1238","34",WEST WARD 2,ROWAN,,"80",82333.67177890000,"1195","625","1919","1119","736","1909","1141","771","1912","1052","755","1807","1023","801","1824","1063","815","1878","1049","811","1860","1135","761","1896","1123","751","1874","1070","799","1869","1136","826","1973"
"1239","34",WESLEY HEIGHTS 34,DAVIDSON,,"29",56013.27602350000,"680","484","1240","612","566","1235","666","581","1247","599","587","1186","560","631","1191","608","630","1238","593","639","1232","652","588","1240","660","573","1233","613","624","1237","603","628","1255"
"1240","34",OXENDINE,ROBESON,,"78",155666.69583099999,"202","761","998","210","730","973","193","795","988","200","747","947","173","777","950","180","791","971","188","770","958","193","779","972","190","782","972","193","775","968","158","879","1041"
"1241","34",UNION,RUTHERFORD,,"81",119643.07510000000,"323","796","1174","248","916","1191","277","919","1196","231","922","1153","209","942","1151","228","952","1180","233","936","1169","251","938","1189","254","924","1178","234","950","1184","235","965","1209"
"1243",34-2,IVY COMMUNITY CENTER,DURHAM,,"32",40302.24486850000,"3952","322","4410","3873","387","4382","3974","415","4389","3843","402","4245","3729","529","4258","3890","471","4361","3860","499","4359","3937","443","4380","3930","440","4370","3840","508","4348","3901","456","4428"
"1244","34.1",BLACK MOUNTAIN 3 - LAKE TOMAHAWK,BUNCOMBE,,"11",18848.36039470000,"685","257","981","638","312","975","652","317","969","606","319","925","577","355","932","624","338","962","605","358","963","649","324","973","638","326","964","618","351","969","629","345","988"
"1245","35",SWEETWATER,CATAWBA,,"18",95982.86048720000,"961","1299","2377","843","1431","2339","855","1386","2241","788","1474","2262","734","1497","2231","792","1534","2326","763","1528","2291","845","1470","2315","860","1469","2329","783","1525","2308","810","1567","2399"
"1246","35",PROSPECT,ROBESON,,"78",117848.76852800000,"344","1127","1511","330","1109","1477","292","1203","1495","322","1098","1420","241","1208","1449","280","1172","1452","283","1154","1437","338","1126","1464","312","1137","1449","334","1123","1457","220","1341","1567"
"1247","35",WEST WARD 1,ROWAN,,"80",36908.54934150000,"614","159","810","577","211","810","598","217","815","552","223","775","534","249","783","563","243","806","552","242","794","583","218","801","595","213","808","556","238","794","577","235","826"
"1352","54",WATERFORD VILLAGE APTS,DURHAM,,"32",35282.81184640000,"5326","534","6055","5163","723","6024","5270","760","6030","5032","782","5814","4881","969","5850","5118","864","5982","5048","924","5972","5243","761","6004","5264","748","6012","5048","933","5981","5119","813","6066"
"1353","54",SILVER VALLEY 54,DAVIDSON,,"29",98195.37523400001,"228","1203","1526","160","1315","1531","189","1347","1536","146","1351","1497","118","1389","1507","133","1393","1526","140","1384","1524","173","1357","1530","193","1326","1519","142","1380","1522","132","1390","1533"
"1354","54.2",LUTHERAN CHURCH OF THE NATIVITY,BUNCOMBE,,"11",228273.30342099999,"2128","875","3157","1931","1126","3153","1990","1157","3147","1845","1133","2978","1800","1263","3063","1878","1226","3104","1826","1271","3097","1929","1206","3135","1922","1190","3112","1846","1268","3114","1923","1259","3227"
"1248","35",CHERRYVILLE  1,GASTON,,"36",71588.70561829999,"375","875","1328","301","990","1330","331","1005","1336","284","1009","1293","266","1025","1291","276","1047","1323","265","1053","1318","299","1023","1322","317","1011","1328","286","1033","1319","282","1075","1363"
"1249","35.1",BLACK MOUNTAIN 4 - CARVER COMMUNITY CENTER,BUNCOMBE,,"11",50380.18998910000,"1109","314","1480","1018","403","1465","1061","406","1467","991","394","1385","971","436","1407","1005","442","1447","998","438","1436","1042","417","1459","1030","421","1451","1006","445","1451","1038","449","1507"
"1253","36",GRIMES 36,DAVIDSON,,"29",39554.80206960000,"555","289","897","508","348","889","532","367","899","482","373","855","441","419","860","488","406","894","478","410","888","523","372","895","543","351","894","494","398","892","494","389","899"
"1254","36",VIEWMONT 1,CATAWBA,,"18",38921.35907670000,"1018","859","1987","844","1075","1978","873","1035","1908","757","1137","1894","741","1149","1890","754","1207","1961","748","1182","1930","848","1099","1947","864","1106","1970","751","1192","1943","855","1167","2039"
"1255","36",CHERRYVILLE  2,GASTON,,"36",96917.89590570000,"677","1654","2487","531","1890","2489","594","1897","2491","498","1907","2405","463","1945","2408","483","1994","2477","478","1979","2457","531","1946","2477","566","1899","2465","493","1978","2471","475","2064","2553"
"1256","36",SMYRNA,ROBESON,,"78",102032.40536900000,"322","351","689","311","346","679","318","363","681","316","341","657","306","354","660","304","371","675","303","359","662","330","344","674","316","354","670","317","354","671","307","397","706"
"1257","36.1",BLACK MOUNTAIN 5 - MONTREAT CTR WALKUP BLDG,BUNCOMBE,,"11",190371.53307599999,"949","573","1599","852","698","1592","885","699","1584","829","667","1496","802","736","1538","843","727","1570","826","749","1575","858","718","1576","872","709","1581","835","742","1577","854","736","1611"
"1355",55-11,055-11,DURHAM,,"32",17702.36085060000,"1008","42","1083","1007","40","1082","1023","58","1081","1002","45","1047","991","59","1050","1023","56","1079","1018","61","1079","1038","48","1086","1029","53","1082","1014","65","1079","1010","52","1084"
"1258","37",VIEWMONT 2,CATAWBA,,"18",31743.97770180000,"1022","839","1949","893","972","1919","896","953","1849","842","1022","1864","806","1004","1810","869","1044","1913","814","1051","1865","887","1011","1898","900","1018","1918","840","1039","1879","892","1077","1988"
"1259","37",CHERRYVILLE  3,GASTON,,"36",59072.34344670000,"451","679","1192","381","768","1198","411","800","1211","374","773","1147","353","817","1170","372","828","1200","356","834","1190","382","810","1192","389","804","1193","361","825","1186","351","878","1240"
"1263","38",FALLING CREEK,CATAWBA,,"18",54404.46703850000,"1198","1270","2598","973","1494","2538","1005","1451","2456","913","1571","2484","848","1589","2437","916","1633","2549","856","1643","2499","997","1539","2536","1021","1527","2548","904","1624","2528","982","1630","2641"
"1264","38",EAST WARD,ROWAN,,"80",45352.89805310000,"1205","529","1804","1130","620","1812","1158","643","1801","1099","621","1720","1055","674","1729","1109","665","1774","1077","671","1748","1164","634","1798","1144","644","1788","1111","664","1775","1146","687","1856"
"1356",55-49,055-49,DURHAM,,"32",11089.96186560000,"1859","41","1946","1865","23","1937","1892","48","1940","1877","25","1902","1858","35","1893","1896","37","1933","1879","55","1934","1887","47","1934","1892","35","1927","1895","34","1929","1927","31","1971"
"1265","38",HOPE VALLEY BAPTIST,DURHAM,,"32",68682.01899510002,"4987","625","5830","4763","912","5807","4867","950","5817","4618","984","5602","4457","1179","5636","4677","1073","5750","4627","1127","5754","4814","955","5769","4855","923","5778","4609","1139","5748","4762","997","5870"
"1266","38",EASTSIDE 38,DAVIDSON,,"29",66329.27940050000,"551","170","764","532","186","752","553","208","761","530","195","725","511","207","718","551","202","753","540","218","758","549","207","756","555","203","758","538","215","753","530","212","759"
"1267","38",HIGH SHOALS,GASTON,,"36",102574.73582600000,"520","1724","2379","403","1931","2390","445","1950","2395","375","1940","2315","329","1988","2317","348","2010","2358","340","2015","2355","391","1986","2377","388","1974","2362","344","2020","2364","356","2061","2426"
"1268","38",THOMPSON,ROBESON,,"78",111904.90148099999,"77","196","285","86","179","279","78","206","284","81","190","271","73","206","279","72","199","271","78","196","274","89","188","277","82","193","275","75","199","274","65","223","290"
"1269","38.2",CANE CREEK MIDDLE SCHOOL,BUNCOMBE,,"11",104903.84196799999,"800","758","1627","669","911","1623","713","910","1623","635","890","1525","589","991","1580","632","969","1601","620","986","1606","682","936","1618","677","919","1596","620","983","1603","676","963","1660"
"1270","38.3",TRINITY OF FAIRVIEW CHURCH,BUNCOMBE,,"11",84433.93800559999,"1414","1247","2785","1263","1431","2755","1300","1470","2770","1170","1449","2619","1110","1585","2695","1197","1521","2718","1179","1539","2718","1261","1485","2746","1245","1485","2730","1177","1548","2725","1249","1531","2820"
"1272","39",ALEXIS,GASTON,,"36",118775.06007799999,"563","2171","2909","445","2408","2933","494","2438","2932","406","2438","2844","384","2461","2845","403","2509","2912","409","2499","2908","466","2446","2912","443","2476","2919","413","2501","2914","385","2555","2961"
"1273","39",NORTHWEST,CATAWBA,,"18",44674.76243740000,"915","993","2018","719","1232","1989","735","1208","1943","628","1313","1941","593","1343","1936","614","1387","2001","590","1375","1965","730","1271","2001","760","1251","2011","600","1376","1976","710","1316","2052"
"1274","39",WEST INNES,ROWAN,,"80",54277.20343800000,"798","447","1340","696","609","1345","727","627","1354","666","604","1270","617","669","1286","644","690","1334","651","661","1312","726","607","1333","701","617","1318","652","666","1318","702","676","1396"
"1275","39",UNION,ROBESON,,"78",167740.53315599999,"346","696","1074","362","663","1058","319","744","1063","354","679","1033","330","705","1035","335","712","1047","318","722","1040","350","703","1053","327","724","1051","348","703","1051","312","806","1122"
"1276","39.2",FAIRVIEW VOLUNTEER FIRE DEPT,BUNCOMBE,,"11",101828.00174199999,"819","518","1389","747","593","1384","753","629","1382","724","596","1320","684","661","1345","714","635","1349","710","641","1351","754","607","1361","734","617","1351","708","641","1349","750","654","1411"
"1277","39.3",FAIRVIEW COMMUNITY CENTER,BUNCOMBE,,"11",104592.82788000000,"1410","826","2351","1257","1017","2339","1289","1035","2324","1207","1005","2212","1156","1102","2258","1225","1074","2299","1201","1096","2297","1272","1043","2315","1242","1058","2300","1206","1100","2306","1268","1079","2378"
"1279","4",CENTER HILL,CHOWAN,,"21",128414.91331100000,"284","334","638","274","350","636","282","349","631","269","338","607","261","358","619","270","359","629","268","358","626","291","345","636","312","311","623","271","354","625","270","368","644"
"1280","40",WHITEHOUSE,ROBESON,,"78",117262.40052000000,"155","190","363","155","196","360","149","212","361","151","196","347","142","204","346","152","204","356","148","204","352","160","198","358","156","201","357","155","202","357","155","219","377"
"1281","40",MUNICIPAL 40,DAVIDSON,,"29",116328.20599200000,"871","572","1507","775","701","1516","804","709","1513","717","733","1450","653","817","1470","713","786","1499","713","784","1497","798","713","1511","807","704","1511","717","782","1499","743","761","1523"
"1282","40",DALLAS  1,GASTON,,"36",106474.68550100000,"1613","2110","3931","1431","2418","3945","1521","2425","3946","1360","2445","3805","1337","2492","3829","1372","2534","3906","1351","2556","3907","1435","2484","3919","1434","2479","3913","1369","2539","3908","1374","2604","4010"
"1283","40",WEST NEWTON,CATAWBA,,"18",41566.72927850001,"538","571","1166","480","639","1144","461","638","1099","456","655","1111","420","678","1098","440","701","1141","426","694","1120","481","653","1134","476","662","1138","442","687","1129","476","689","1180"
"1284","40",NORTH WARD,ROWAN,,"80",33373.88919180000,"1147","498","1756","1006","715","1780","1047","742","1789","964","725","1689","879","815","1694","933","822","1755","931","812","1743","1045","737","1782","1051","712","1763","945","814","1759","1000","789","1816"
"1285","40",ROGERS-HERR MIDDLE SCHOOL,DURHAM,,"32",20720.32514050000,"1476","74","1590","1438","122","1584","1449","131","1580","1412","139","1551","1387","168","1555","1416","160","1576","1420","148","1568","1451","129","1580","1448","130","1578","1412","156","1568","1425","136","1583"
"1286","40.2",FLAT CREEK - NORTH BUNCOMBE ELEMENTARY,BUNCOMBE,,"11",85306.81938830002,"1520","1476","3141","1310","1719","3112","1354","1751","3105","1248","1690","2938","1201","1806","3007","1260","1800","3060","1247","1803","3050","1335","1759","3094","1325","1744","3069","1269","1808","3077","1281","1882","3196"
"1292","41",LAKE NORMAN,CATAWBA,,"18",106322.85220100000,"1285","1978","3493","994","2350","3435","1044","2265","3309","898","2448","3346","854","2462","3316","895","2547","3442","830","2558","3388","1008","2429","3437","992","2446","3438","866","2551","3417","956","2599","3575"
"1293","41",WISHARTS,ROBESON,,"78",307959.36215300002,"550","1564","2200","533","1620","2187","526","1677","2203","517","1616","2133","461","1688","2149","506","1668","2174","503","1647","2150","566","1604","2170","537","1629","2166","524","1641","2165","463","1767","2242"
"1294","41",MILFORD HILLS CITY,ROWAN,,"80",49563.81267440000,"1188","550","1841","1073","710","1862","1122","745","1867","974","777","1751","911","867","1778","980","863","1843","967","843","1810","1102","754","1856","1065","767","1832","985","839","1824","1058","828","1913"
"1295","41",WHITE ROCK BAPTIST CHURCH,DURHAM,,"32",24364.81722560000,"957","40","1018","963","31","1014","972","44","1016","967","32","999","954","42","996","975","38","1013","973","44","1017","984","35","1019","971","44","1015","966","42","1008","955","54","1020"
"1296","41",DALLAS  2,GASTON,,"36",100930.77196500001,"1086","1648","2932","976","1861","2927","1048","1888","2936","927","1878","2805","898","1904","2802","947","1935","2882","935","1942","2877","985","1923","2908","976","1915","2891","929","1959","2888","948","2014","2987"
"1297","41.1",FRENCH BROAD FIRE DEPT,BUNCOMBE,,"11",140953.63301399999,"1296","1302","2725","1102","1503","2697","1164","1531","2695","1066","1499","2565","1052","1568","2620","1089","1593","2682","1059","1619","2678","1139","1562","2701","1129","1564","2693","1074","1606","2680","1067","1670","2768"
"1298","42",LIBERTY 42,DAVIDSON,,"29",97820.74666950000,"419","1588","2120","306","1749","2123","329","1798","2127","237","1824","2061","202","1890","2092","235","1884","2119","225","1889","2114","299","1824","2123","369","1748","2117","235","1879","2114","225","1893","2134"
"1299","42",LUCIA,GASTON,,"36",131850.10033799999,"1307","1319","2791","1084","1650","2809","1179","1652","2831","976","1708","2684","953","1757","2710","991","1770","2761","946","1814","2760","1094","1681","2775","1055","1712","2767","940","1836","2776","1052","1776","2857"
"1300","42",NEW HOPE,CHATHAM,,"19",191580.80611500001,"1156","884","2172","978","1138","2176","1025","1161","2186","898","1172","2070","831","1288","2119","908","1222","2130","882","1246","2128","1037","1114","2151","1014","1126","2140","882","1263","2145","975","1195","2195"
"1304","43",FOREST VIEW ELEMENTARY,DURHAM,,"32",72740.40553540000,"5027","616","5815","4748","968","5798","4824","978","5802","4565","1052","5617","4395","1260","5655","4594","1117","5711","4555","1163","5718","4785","980","5765","4811","939","5750","4545","1180","5725","4768","997","5842"
"1305","43",STANLEY  1,GASTON,,"36",109569.97217399999,"1723","2169","4132","1578","2426","4139","1674","2461","4135","1497","2468","3965","1446","2527","3973","1516","2579","4095","1457","2623","4080","1561","2534","4095","1556","2533","4089","1474","2622","4096","1516","2647","4196"
"1306","43.2",HAZEL 2 - JOHNSTON SCHOOL,BUNCOMBE,,"11",38313.79330350000,"786","392","1235","741","436","1228","768","453","1221","716","441","1157","724","463","1187","744","473","1217","733","478","1211","766","450","1216","741","468","1209","737","473","1210","735","499","1247"
"1307","44",WEST ENOCHVILLE,ROWAN,,"80",77447.12043410000,"454","1519","2109","341","1712","2116","405","1723","2128","317","1705","2022","290","1762","2052","311","1792","2103","316","1773","2089","363","1748","2111","364","1732","2096","300","1795","2095","330","1819","2166"
"1308","44",STANLEY  2,GASTON,,"36",112727.99600299999,"1423","2356","4002","1212","2699","4012","1323","2697","4020","1134","2753","3887","1098","2802","3900","1148","2834","3982","1119","2859","3978","1216","2775","3991","1204","2779","3983","1139","2847","3986","1164","2890","4077"
"1309","44",NORTH REGIONAL LIBRARY,DURHAM,,"32",94553.83995890000,"4211","1234","5706","3904","1660","5702","4024","1700","5724","3747","1783","5530","3535","2017","5552","3762","1892","5654","3730","1907","5637","4038","1660","5698","3991","1679","5670","3771","1891","5662","3867","1806","5758"
"1318","46",EDISON JOHNSON CENTER,DURHAM,,"32",41218.35643680000,"2030","307","2426","1999","359","2428","2031","403","2434","1969","380","2349","1917","439","2356","1976","435","2411","1980","432","2412","2025","394","2419","2023","401","2424","1989","430","2419","1983","410","2433"
"1319","46",MOUNT HOLLY  2,GASTON,,"36",67406.53452260002,"1521","2209","3982","1312","2570","3994","1402","2604","4006","1200","2621","3821","1188","2676","3864","1230","2721","3951","1185","2769","3954","1302","2659","3961","1311","2650","3961","1192","2760","3952","1246","2782","4062"
"1320","46.1",LOWER HOMINY 3 - ARBORETUM MAIN BLDG ROOM 1,BUNCOMBE,,"11",117751.49346699999,"789","364","1201","719","447","1201","743","454","1197","694","434","1128","662","498","1160","699","490","1189","690","491","1181","727","463","1190","721","458","1179","685","496","1181","718","483","1211"
"1329",4N,PRECINCT  4 NORTH,GATES,,"37",227200.15770099999,"327","700","1063","335","680","1061","344","714","1058","334","680","1014","314","717","1031","341","715","1056","325","726","1051","343","715","1058","335","722","1057","338","717","1055","326","738","1078"
"1330",4S,PRECINCT  4 SOUTH,GATES,,"37",141382.75862300000,"344","328","689","335","329","684","343","339","682","330","326","656","323","343","666","327","346","673","328","337","665","355","323","678","346","325","671","335","336","671","345","348","700"
"1332","5",PRECINCT  5,GATES,,"37",244071.12878800000,"284","498","797","250","506","779","260","523","783","238","510","748","219","555","774","237","537","774","234","528","762","275","505","780","275","497","772","244","527","771","251","553","809"
"1333","5",WARDVILLE,CHOWAN,,"21",183564.18659400000,"157","536","710","148","554","711","152","551","703","149","536","685","130","566","696","140","565","705","142","559","701","169","538","707","199","503","702","138","560","698","141","568","712"
"1334","50",MCMANNEN UNITED METHODIST,DURHAM,,"32",41762.12356910000,"2686","391","3180","2552","533","3164","2609","556","3165","2461","584","3045","2389","674","3063","2496","627","3123","2474","646","3120","2589","551","3140","2580","556","3136","2467","651","3118","2567","583","3215"
"1335","50",REEDY CREEK 50,DAVIDSON,,"29",104463.37528199999,"775","2108","3081","556","2421","3082","625","2468","3093","513","2484","2997","416","2618","3034","467","2609","3076","484","2589","3073","593","2493","3086","658","2421","3079","497","2574","3071","485","2602","3113"
"1336","50.1",IVY 1 - BARNARDSVILLE SCHOOL,BUNCOMBE,,"11",161399.66823000001,"495","617","1164","462","651","1151","475","673","1148","445","644","1089","434","691","1125","457","681","1138","442","690","1132","477","668","1145","455","673","1128","458","679","1137","451","727","1186"
"1344","51",SOUTHWEST ELEMENTARY,DURHAM,,"32",35181.45053990000,"4280","393","4807","4078","593","4765","4167","621","4788","3944","680","4624","3810","853","4663","4003","735","4738","3972","766","4738","4140","619","4759","4151","610","4761","3953","780","4733","4103","642","4820"
"1345","51.2",NORTH WINDY RIDGE SCHOOL,BUNCOMBE,,"11",103330.36673400000,"855","785","1715","759","890","1699","796","902","1698","729","889","1618","694","952","1646","750","932","1682","737","940","1677","769","919","1688","753","924","1677","732","948","1680","744","970","1731"
"1346","52",SILVER HILL 52,DAVIDSON,,"29",138795.91788699999,"1108","2489","3792","828","2874","3810","884","2927","3811","726","2938","3664","594","3144","3738","683","3104","3787","701","3075","3776","874","2924","3798","977","2815","3792","701","3080","3781","702","3105","3840"
"1347","52",EVANGEL ASSEMBLY OF GOD,DURHAM,,"32",43339.39964710000,"2107","203","2388","2086","235","2383","2130","253","2383","2091","238","2329","2045","273","2318","2103","265","2368","2098","275","2373","2132","248","2380","2123","252","2375","2098","270","2368","2089","267","2398"
"1348","52.1",LEICESTER 1 - LEICESTER SCHOOL,BUNCOMBE,,"11",161025.59252499999,"1462","1722","3347","1257","1941","3316","1321","1984","3305","1198","1931","3129","1147","2070","3217","1254","2030","3284","1211","2093","3304","1292","2030","3322","1269","2039","3308","1214","2093","3307","1234","2133","3402"
"1349",53-1,TRIANGLE PRESBYTERIAN,DURHAM,,"32",39907.38558610000,"2288","250","2629","2195","367","2618","2244","390","2634","2134","401","2535","2036","522","2558","2141","459","2600","2117","475","2592","2221","391","2612","2229","382","2611","2120","477","2597","2198","402","2641"
"1581",CC34,CROSS CREEK 34,CUMBERLAND,,"26",32175.92862390000,"813","640","1521","688","799","1527","713","818","1531","631","845","1476","641","839","1480","653","866","1519","650","866","1516","740","787","1527","718","803","1521","664","863","1527","696","849","1559"
"1350",53-2,TRIANGLE CHURCH,DURHAM,,"32",72082.56601880000,"3576","414","4115","3370","678","4114","3418","702","4120","3221","744","3965","3110","882","3992","3241","829","4070","3188","871","4059","3401","688","4089","3428","664","4092","3188","895","4083","3388","697","4137"
"1351","53.1",LEICESTER 2 - COMMUNITY CENTER,BUNCOMBE,,"11",151527.02040300000,"1122","1345","2589","953","1548","2558","975","1577","2552","910","1520","2430","854","1648","2502","924","1612","2536","911","1625","2536","983","1587","2570","950","1587","2537","948","1606","2554","932","1696","2649"
"1357","55.1",LIMESTONE 2 - GLEN ARDEN SCHOOL,BUNCOMBE,,"11",40772.41276380000,"1601","828","2544","1412","1076","2553","1456","1086","2542","1329","1069","2398","1282","1185","2467","1347","1160","2507","1331","1174","2505","1426","1105","2531","1410","1109","2519","1329","1179","2508","1415","1144","2593"
"1358","56",SOUTH DAVIDSON 56,DAVIDSON,,"29",157519.38100600001,"234","833","1116","167","909","1114","189","926","1115","135","948","1083","105","994","1099","138","968","1106","133","974","1107","167","942","1109","194","915","1109","132","972","1104","129","987","1121"
"1359","56.2",LIMESTONE 3 - ARDEN FIRST BAPTIST,BUNCOMBE,,"11",29536.26712350000,"1187","437","1685","1129","510","1683","1151","528","1679","1083","520","1603","1064","562","1626","1096","562","1658","1069","585","1654","1125","546","1671","1115","550","1665","1086","576","1662","1133","555","1709"
"1360","57.1",LIMESTONE 4 - SKYLAND FIRE BISHOP SUBSTATION,BUNCOMBE,,"11",106608.28555600000,"1446","820","2383","1288","1039","2379","1325","1044","2369","1200","1043","2243","1142","1173","2315","1230","1111","2341","1167","1170","2337","1300","1067","2367","1274","1071","2345","1202","1144","2346","1305","1097","2433"
"1361","58",SOUTHMONT 58,DAVIDSON,,"29",110369.63895500000,"873","1868","2946","659","2223","2963","714","2254","2968","576","2305","2881","497","2411","2908","573","2375","2948","558","2385","2943","677","2285","2962","723","2227","2950","575","2365","2940","578","2370","2977"
"1362","58.1",NORTH BUNCOMBE - MIDDLE SCHOOL,BUNCOMBE,,"11",112836.61472500001,"1459","663","2225","1312","839","2216","1345","864","2209","1255","822","2077","1235","910","2145","1284","894","2178","1257","920","2177","1332","870","2202","1310","866","2176","1256","922","2178","1311","928","2269"
"1363","59.1",REEMS CREEK FIRE DEPARTMENT,BUNCOMBE,,"11",154910.01903400000,"2159","1087","3383","1969","1329","3370","2009","1357","3366","1870","1328","3198","1848","1439","3287","1901","1426","3327","1865","1456","3321","1978","1372","3350","1946","1376","3322","1903","1428","3331","1957","1424","3423"
"1364",5AP,ARAPAHOE,PAMLICO,,"69",203856.35873199999,"808","1082","1984","688","1249","1989","729","1252","1981","615","1281","1896","582","1339","1921","641","1325","1966","604","1345","1949","708","1260","1968","717","1244","1961","617","1336","1953","656","1336","2008"
"1366","6",YEOPIM,CHOWAN,,"21",198309.58026799999,"487","640","1169","447","696","1170","467","704","1171","443","690","1133","392","757","1149","423","741","1164","421","733","1154","471","701","1172","502","669","1171","427","731","1158","443","736","1191"
"1367","60",THOMASVILLE 1 60,DAVIDSON,,"29",73611.87965790000,"1378","1664","3229","1221","1885","3227","1294","1944","3238","1185","1948","3133","1081","2067","3148","1172","2044","3216","1142","2068","3210","1252","1973","3225","1276","1934","3210","1152","2063","3215","1142","2083","3265"
"1368","60.2",REYNOLDS FIRE DEPARTMENT,BUNCOMBE,,"11",43132.04083710000,"747","220","1012","701","269","1010","729","275","1004","682","263","945","665","300","965","695","293","988","690","304","994","710","288","998","712","286","998","691","298","989","713","291","1023"
"1369","60.4",COVENANT COMMUNITY CHURCH,BUNCOMBE,,"11",51671.50430730000,"1030","396","1484","948","514","1490","963","520","1483","905","520","1425","869","572","1441","915","551","1466","911","552","1463","963","517","1480","948","516","1464","913","554","1467","953","531","1499"
"1377","61",RAEFORD  1,HOKE,,"47",59039.33413120000,"500","367","944","580","357","951","664","277","941","486","410","896","528","375","903","589","349","938","505","411","916","761","172","933","509","422","931","618","309","927","546","403","964"
"1378","61.1",RICEVILLE 1 - RICEVILLE COMMUNITY CENTER,BUNCOMBE,,"11",108143.68969200000,"1314","638","2026","1197","778","2017","1236","772","2008","1158","759","1917","1115","838","1953","1168","822","1990","1156","838","1994","1213","788","2001","1199","794","1993","1164","829","1993","1198","830","2052"
"1379","62",THOMASVILLE 2 62,DAVIDSON,,"29",27704.47065080000,"644","276","974","612","309","967","636","332","968","623","317","940","585","355","940","615","347","962","612","350","962","629","334","963","630","334","964","618","349","967","603","362","981"
"1380","62",RAEFORD  2,HOKE,,"47",35643.84466060000,"409","168","612","324","240","598","398","199","597","297","268","565","343","250","593","352","251","603","362","232","594","330","273","603","437","162","599","439","153","592","341","270","623"
"1381","62.1",RICEVILLE 2 - GRASSY BRANCH BAPTIST,BUNCOMBE,,"11",51194.58371180000,"1397","577","2062","1294","700","2050","1327","722","2049","1243","701","1944","1221","749","1970","1273","749","2022","1247","774","2021","1296","737","2033","1276","748","2024","1258","762","2020","1282","778","2098"
"1382","63",RAEFORD  3,HOKE,,"47",105760.42381800000,"1434","544","2061","1091","833","2017","1395","628","2023","1665","242","1907","1121","757","1878","1186","858","2044","1171","805","1976","1338","695","2033","1171","843","2014","1171","853","2024","1391","679","2086"
"1383","63.1",SANDY MUSH COMMUNITY CENTER,BUNCOMBE,,"11",131682.41907800001,"223","247","492","208","268","492","213","281","494","205","262","467","183","303","486","208","281","489","207","282","489","213","278","491","209","276","485","200","283","483","198","300","503"
"1384","64",THOMASVILLE 3 64,DAVIDSON,,"29",32244.89361350000,"679","203","930","644","241","922","678","253","931","643","248","891","623","269","892","660","266","926","649","273","922","668","257","925","667","258","925","650","270","920","653","273","943"
"1385","64",RAEFORD  4,HOKE,,"47",133516.38882800000,"933","421","1407","932","444","1422","667","721","1388","1032","238","1270","250","967","1217","1105","244","1349","591","730","1321","1012","343","1355","904","446","1350","525","859","1384","612","798","1425"
"1386","64.1",FIRST BAPTIST OF SWANNANOA,BUNCOMBE,,"11",74722.39342660000,"903","612","1591","796","721","1572","835","727","1562","768","707","1475","741","774","1515","794","764","1558","777","781","1558","824","750","1574","797","767","1564","787","776","1563","813","782","1625"
"1600",CG1,CG1,GUILFORD,,"41",49698.74471630000,"1653","535","2298","1516","743","2307","1552","760","2312","1433","776","2209","1343","893","2236","1406","876","2282","1431","836","2267","1541","747","2288","1555","728","2283","1444","833","2277","1516","805","2343"
"1387","65",RAEFORD  5,HOKE,,"47",41824.63908070000,"304","97","436","272","145","436","277","148","425","292","111","403","246","150","396","405","24","429","294","94","388","275","143","418","284","128","412","302","119","421","265","169","439"
"1388","65.1",SWANNANOA 2 - WILLIAMS ELEMENTARY,BUNCOMBE,,"11",111253.73144000000,"1655","732","2482","1546","853","2460","1571","880","2451","1465","865","2330","1459","926","2385","1518","912","2430","1494","935","2429","1562","893","2455","1548","890","2438","1490","948","2438","1549","931","2505"
"1625",CLEA,"CLINTON, EAST",SAMPSON,,"82",202587.81680100001,"1107","749","1917","1033","798","1880","1056","812","1868","1017","795","1812","986","856","1842","1032","840","1872","1007","838","1845","1075","796","1871","1071","786","1857","1020","824","1844","1060","880","1953"
"1626",CLEM,CLEMENT,SAMPSON,,"82",209212.02122200001,"373","801","1212","329","865","1216","345","861","1206","303","880","1183","258","934","1192","287","915","1202","296","910","1206","359","857","1216","333","871","1204","295","905","1200","299","932","1235"
"1627",CLNE,"CLINTON, NORTHEAST",SAMPSON,,"82",65575.25677579999,"608","768","1428","522","865","1426","530","885","1415","470","875","1345","428","967","1395","464","927","1391","471","907","1378","580","834","1414","586","817","1403","478","902","1380","495","965","1473"
"1628",CLR4,Clarks-Rhems,CRAVEN,,"25",295909.28076599998,"1107","968","2178","999","1121","2200","1045","1158","2203","937","1164","2101","884","1218","2102","961","1211","2172","923","1235","2158","1030","1155","2185","1030","1150","2180","937","1242","2179","966","1225","2217"
"1629",CLSW,"CLINTON, SOUTHWEST",SAMPSON,,"82",119243.45642400000,"506","559","1108","449","613","1095","469","626","1095","417","634","1051","371","702","1073","398","687","1085","405","663","1068","475","623","1098","441","635","1076","420","657","1077","430","709","1143"
"1630",CLWE,"CLINTON, WEST",SAMPSON,,"82",156236.17164099999,"534","698","1280","460","800","1288","485","815","1300","406","843","1249","354","921","1275","384","887","1271","405","865","1270","509","780","1289","513","768","1281","419","844","1263","452","873","1331"
"1631",CM,COMO,HERTFORD,,"46",248051.38044000001,"143","200","352","150","200","354","150","201","351","148","196","344","138","209","347","151","203","354","145","203","348","155","200","355","149","202","351","149","203","352","146","215","363"
"1632",CM,CEDAR MOUNTAIN,TRANSYLVANIA,,"88",173861.89266899999,"407","269","709","362","322","706","374","334","708","364","311","675","339","343","682","358","342","700","352","346","698","374","335","709","367","332","699","352","346","698","365","353","723"
"1389","66",THOMASVILLE 4 66,DAVIDSON,,"29",48500.88239250000,"564","547","1178","497","628","1178","520","663","1183","474","663","1137","436","715","1151","483","695","1178","474","702","1176","507","668","1175","523","653","1176","483","694","1177","466","706","1187"
"1633",CO,COFIELD,HERTFORD,,"46",127927.86563099999,"258","95","359","262","99","367","267","98","365","263","94","357","270","91","361","261","100","361","269","91","360","272","100","372","271","96","367","266","96","362","269","97","374"
"1390","66.1",SWANNANOA 3 - WWC - KITTRIDGE THEATRE,BUNCOMBE,,"11",48780.79378900000,"884","402","1354","823","473","1335","848","487","1335","795","463","1258","790","506","1296","823","504","1327","816","504","1320","835","498","1333","827","497","1324","806","518","1324","831","526","1372"
"1391","67.1",WEAVERVILLE TOWN HALL,BUNCOMBE,,"11",73466.57097760000,"1557","487","2122","1439","627","2116","1464","633","2097","1373","638","2011","1360","701","2061","1394","700","2094","1401","695","2096","1473","637","2110","1441","655","2096","1386","704","2090","1434","679","2150"
"1392","68",THOMASVILLE 5 68,DAVIDSON,,"29",47958.01196700000,"700","705","1476","617","809","1476","648","836","1484","603","841","1444","555","891","1446","591","882","1473","591","876","1467","644","838","1482","649","826","1475","598","870","1468","597","879","1497"
"1393","68.1",WEST BUNCOMBE 1 - WEST BUNCOMBE SCHOOL,BUNCOMBE,,"11",118967.19338899999,"1902","1410","3475","1714","1623","3451","1783","1670","3453","1618","1641","3259","1587","1768","3355","1653","1760","3413","1651","1745","3396","1741","1699","3440","1708","1701","3409","1647","1774","3421","1695","1809","3554"
"1395","69.1",WEST BUNCOMBE 2 - FIRE TRAIN CENTER,BUNCOMBE,,"11",67187.54164780000,"1485","975","2579","1333","1154","2551","1389","1155","2544","1276","1130","2406","1254","1239","2493","1305","1214","2519","1276","1248","2524","1366","1173","2539","1350","1183","2533","1292","1228","2520","1317","1290","2636"
"1396","70",THOMASVILLE 7 70,DAVIDSON,,"29",127431.24910299999,"553","1298","1964","409","1497","1973","458","1526","1984","376","1548","1924","328","1623","1951","379","1594","1973","375","1592","1967","429","1546","1975","481","1483","1964","372","1598","1970","367","1601","1982"
"1397","70.1",WOODFIN COMMUNITY CENTER,BUNCOMBE,,"11",65593.47890279999,"1810","520","2416","1687","634","2394","1729","659","2388","1630","617","2247","1613","678","2291","1682","676","2358","1642","707","2349","1705","667","2372","1689","673","2362","1649","712","2361","1693","723","2457"
"1394","681",WEST BUNCOMBE 1 - WEST BUNCOMBE SCHOOL,BUNCOMBE,"68.1","11",77209.41878920000,"142","156","314","115","188","314","121","193","314","105","191","296","95","208","303","108","203","311","113","199","312","117","198","315","116","197","313","113","197","310","112","200","322"
"1407","71.1",WOODLAND HILLS - BAPTIST CHURCH,BUNCOMBE,,"11",114559.90835699999,"2311","946","3380","2144","1131","3362","2182","1167","3349","2026","1166","3192","2013","1258","3271","2088","1232","3320","2053","1265","3318","2164","1179","3343","2140","1191","3331","2066","1255","3321","2126","1246","3420"
"1408","72",THOMASVILLE 8 72,DAVIDSON,,"29",125733.80782600000,"798","1623","2555","626","1875","2576","683","1898","2581","591","1910","2501","490","2038","2528","560","2004","2564","544","2016","2560","669","1903","2572","733","1842","2575","559","2004","2563","562","1995","2584"
"1409","74",THOMASVILLE 9 74,DAVIDSON,,"29",103961.06886699999,"860","2050","3078","638","2345","3085","700","2397","3097","541","2439","2980","459","2587","3046","530","2544","3074","534","2524","3058","662","2424","3086","737","2341","3078","563","2491","3054","569","2546","3141"
"1410","75",EAST WILLIAMS,CHATHAM,,"19",119194.55368899999,"2806","1250","4257","2477","1786","4338","2566","1775","4341","2338","1848","4186","2203","2034","4237","2339","1927","4266","2266","1980","4246","2522","1781","4303","2532","1759","4291","2301","1974","4275","2479","1830","4360"
"1411","76",THOMASVILLE 10 76,DAVIDSON,,"29",92807.42432999999,"717","1745","2596","542","2007","2619","570","2058","2628","482","2065","2547","424","2160","2584","475","2137","2612","461","2152","2613","568","2051","2619","644","1974","2618","482","2132","2614","485","2138","2646"
"1412","78",WEST WILLIAMS,CHATHAM,,"19",104335.26391199999,"3793","1100","5088","3463","1562","5109","3527","1591","5118","3291","1653","4944","3193","1806","4999","3318","1723","5041","3252","1766","5018","3486","1589","5075","3490","1548","5038","3293","1763","5056","3483","1615","5150"
"1413","78",TYRO 78,DAVIDSON,,"29",159321.23792600000,"795","1904","2871","597","2163","2867","638","2229","2867","549","2213","2762","474","2342","2816","534","2318","2852","526","2328","2854","622","2246","2868","690","2170","2860","536","2320","2856","506","2354","2889"
"1444",ABCH,ATLANTIC BEACH,CARTERET,,"16",114104.54687900000,"424","608","1110","340","763","1136","350","790","1140","305","796","1101","265","851","1116","307","828","1135","288","826","1114","375","755","1130","344","780","1124","295","830","1125","302","837","1146"
"1445",AC,ALLENS CREEK,HAYWOOD,,"44",130443.30826700000,"809","831","1738","703","970","1740","714","1020","1734","653","984","1637","598","1071","1669","650","1067","1717","646","1063","1709","714","1006","1720","690","1029","1719","662","1052","1714","643","1081","1748"
"1446",AE,ASHEBORO EAST,RANDOLPH,,"76",66025.61016400000,"1606","1355","3119","1405","1620","3130","1451","1672","3123","1337","1637","2974","1252","1767","3019","1357","1733","3090","1337","1731","3068","1462","1652","3114","1525","1562","3087","1343","1750","3093","1372","1747","3165"
"1452",ALVI,ALLENSVILLE,PERSON,,"73",146915.74160099999,"764","832","1649","724","853","1617","725","899","1624","676","875","1551","623","958","1581","670","916","1586","664","887","1551","748","864","1612","717","882","1599","682","903","1585","697","996","1704"
"1473",B2,BREVARD  2,TRANSYLVANIA,,"88",47621.09210400000,"752","389","1190","706","445","1192","724","467","1191","702","452","1154","664","483","1147","696","491","1187","685","495","1180","710","484","1194","710","479","1189","690","491","1181","690","499","1205"
"1474",B2,BETHLEHEM 2,ALEXANDER,,"2",103758.86848900000,"890","1874","2931","699","2134","2924","765","2157","2922","616","2176","2792","576","2269","2845","627","2272","2899","620","2263","2883","693","2223","2916","732","2184","2916","626","2267","2893","641","2310","2979"
"1659",DA,DOGWOOD ACRES,ORANGE,,"68",34189.16750220000,"2363","195","2624","2258","306","2603","2308","306","2614","2173","352","2525","2111","433","2544","2170","399","2569","2156","404","2560","2267","311","2578","2251","313","2564","2144","426","2570","2296","326","2643"
"1660",DASW,DAVIS/STACY/WILLISTON,CARTERET,,"16",451438.08286199998,"138","352","517","113","394","521","119","402","521","97","410","507","81","430","511","96","420","516","85","429","514","122","400","522","108","408","516","94","424","518","86","439","527"
"1483",BC13,BOGER CITY,LINCOLN,,"55",39646.71163470000,"500","621","1184","447","693","1182","462","713","1175","428","696","1124","408","721","1129","431","742","1173","421","747","1168","451","726","1177","462","715","1177","433","740","1173","413","782","1204"
"1484",BC2,BC2,SWAIN,,"87",227663.69208300000,"688","878","1634","579","961","1608","607","1003","1610","548","950","1498","525","1004","1529","549","1004","1553","534","1016","1550","588","994","1582","587","978","1565","550","1011","1561","559","1098","1673"
"1485",BC21,BEAR CREEK,ONSLOW,,"67",114115.33661899999,"1438","2451","4267","1155","2860","4238","1240","2983","4223","1086","2860","3946","1001","2981","3982","1086","3080","4166","1014","3120","4134","1207","2998","4205","1193","2988","4181","1030","3127","4157","1059","3271","4388"
"1486",BCK,BARKERS CREEK,JACKSON,,"50",146754.52850700001,"453","571","1073","383","665","1076","407","670","1077","369","667","1036","346","705","1051","362","706","1068","356","711","1067","392","680","1072","386","679","1065","371","697","1068","372","705","1090"
"1661",DCRK,DEEP CREEK,YADKIN,,"99",149884.63785599999,"379","1026","1487","291","1152","1486","320","1161","1481","282","1156","1438","211","1264","1475","271","1205","1476","260","1208","1468","323","1154","1477","343","1128","1471","262","1207","1469","262","1240","1521"
"1662",DFB9,DOVER-FORT BARNWELL West,CRAVEN,,"25",235983.61205299999,"298","307","631","288","330","637","288","347","635","270","340","610","253","360","613","277","354","631","263","364","627","302","335","637","292","341","633","272","357","629","285","364","654"
"1423",80A,WALLBURG 80A,DAVIDSON,,"29",136366.05926300000,"1464","2915","4674","1055","3554","4740","1184","3564","4748","922","3645","4567","742","3929","4671","907","3805","4712","885","3811","4696","1109","3620","4729","1249","3470","4719","900","3813","4713","971","3763","4776"
"1424","82",WELCOME 82,DAVIDSON,,"29",129105.11542300000,"726","1603","2480","545","1866","2492","597","1907","2504","497","1911","2408","411","2039","2450","473","2012","2485","482","1993","2475","573","1919","2492","666","1820","2486","496","1983","2479","498","1991","2510"
"1425","84",WEST ARCADIA 84,DAVIDSON,,"29",103988.91799900000,"1988","2670","4963","1563","3269","4980","1688","3300","4988","1452","3373","4825","1277","3587","4864","1430","3527","4957","1419","3534","4953","1606","3368","4974","1700","3262","4962","1424","3532","4956","1518","3461","5021"
"1426","85",WEST SILER CITY,CHATHAM,,"19",151890.73802500000,"1017","888","1983","922","997","1980","976","1006","1982","911","992","1903","843","1096","1939","885","1058","1943","902","1033","1935","974","984","1958","988","968","1956","920","1036","1956","916","1080","2021"
"1427",86A,ABBOTTS CREEK 1 86A,DAVIDSON,,"29",67330.11244349999,"1385","1270","2815","1198","1542","2821","1272","1554","2826","1113","1600","2713","1028","1711","2739","1120","1681","2801","1105","1692","2797","1214","1596","2810","1284","1522","2806","1124","1682","2806","1148","1665","2848"
"1428","88",ABBOTTS CREEK 2 88,DAVIDSON,,"29",66611.53901620000,"874","1119","2143","680","1424","2163","742","1427","2169","583","1491","2074","540","1580","2120","581","1564","2145","608","1526","2134","701","1449","2150","774","1381","2155","602","1543","2145","640","1498","2172"
"1429","9",BONLEE,CHATHAM,,"19",191223.63777199999,"382","778","1209","334","846","1203","348","854","1202","305","865","1170","273","919","1192","298","897","1195","307","876","1183","343","851","1194","367","819","1186","309","885","1194","305","915","1229"
"1496",BEADM,BEAVER DAM,BEAUFORT,,"7",114942.89642999999,"345","1048","1451","267","1158","1448","302","1145","1447","243","1162","1405","212","1205","1417","255","1189","1444","236","1190","1426","309","1137","1446","292","1145","1437","238","1199","1437","239","1230","1476"
"1497",BEAR,Voting District 00BEAR,GREENE,,"40",151163.86675500000,"285","357","664","255","384","659","268","392","660","231","403","634","219","431","650","230","425","655","229","416","645","289","370","659","283","371","654","236","419","655","237","437","677"
"1498",BEECH,BEECH GLEN,MADISON,,"57",169926.97683299999,"984","1166","2265","859","1348","2272","887","1400","2287","821","1349","2170","775","1439","2214","820","1436","2256","805","1452","2257","864","1402","2266","883","1375","2258","823","1430","2253","822","1444","2287"
"1499",BELHV,BELHAVEN,BEAUFORT,,"7",224091.03183699999,"486","549","1070","446","609","1081","472","606","1078","424","622","1046","395","664","1059","429","640","1069","417","645","1062","479","605","1084","446","617","1063","420","650","1070","430","660","1095"
"1500",BELL,BELLVIEW,CHEROKEE,,"20",93654.38800740000,"277","732","1046","264","754","1045","261","790","1051","258","758","1016","237","778","1015","247","796","1043","240","799","1039","254","792","1046","259","784","1043","248","788","1036","250","787","1049"
"1439",A1,A1,LEE,,"53",113446.83273800000,"1988","1256","3442","1853","1453","3432","1910","1512","3422","1783","1479","3262","1686","1629","3315","1786","1606","3392","1763","1603","3366","1923","1484","3407","1862","1539","3401","1783","1598","3381","1785","1670","3503"
"1848",G74,G74,GUILFORD,,"41",22599.28681380000,"1293","63","1396","1305","52","1391","1314","68","1382","1299","57","1356","1260","92","1352","1312","70","1382","1298","77","1375","1323","60","1383","1328","58","1386","1315","64","1379","1308","77","1405"
"1440",A1,AHOSKIE 1,HERTFORD,,"46",88743.52162560000,"995","348","1373","987","365","1370","980","380","1360","977","360","1337","936","387","1323","966","381","1347","969","372","1341","1017","350","1367","996","365","1361","978","376","1354","991","412","1411"
"1441",A2,AHOSKIE 2,HERTFORD,,"46",168436.21573000000,"747","551","1331","735","561","1323","740","572","1312","720","557","1277","700","585","1285","722","585","1307","704","581","1285","755","557","1312","727","578","1305","724","579","1303","719","633","1357"
"1442",A2,A2,LEE,,"53",150806.30471800000,"2297","1146","3634","2151","1319","3607","2215","1399","3614","2106","1346","3452","2014","1461","3475","2145","1432","3577","2107","1432","3539","2261","1334","3595","2174","1393","3567","2140","1427","3567","2141","1523","3699"
"1851",G7B,WADE-G7,CUMBERLAND,,"26",199797.16007099999,"310","615","978","251","695","972","265","713","978","233","713","946","213","748","961","226","744","970","235","730","965","293","681","974","273","694","967","245","722","967","243","733","987"
"1443",A3,AHOSKIE 3,HERTFORD,,"46",79678.46100939999,"616","80","709","627","62","706","637","66","703","627","57","684","609","68","677","627","69","696","619","69","688","640","62","702","630","68","698","637","61","698","654","72","729"
"1447",AH49,ARRAN HILLS,CUMBERLAND,,"26",32002.06009200000,"1448","504","2054","1412","558","2061","1453","604","2057","1390","570","1960","1371","598","1969","1432","611","2043","1393","631","2024","1456","593","2049","1434","608","2042","1408","631","2039","1421","633","2084"
"1449",ALARKA,ALARKA,SWAIN,,"87",146386.27510599999,"242","366","638","212","385","623","222","398","620","194","392","586","198","412","610","205","418","623","199","411","610","219","405","624","210","410","620","202","412","614","193","445","648"
"1450",ALBE,ALBERTSON,DUPLIN,,"31",157138.45392700000,"259","699","990","228","727","976","242","739","981","212","739","951","181","785","966","206","761","967","206","753","959","237","735","972","229","736","965","210","758","968","222","780","1003"
"1451",ALMOND,ALMOND,SWAIN,,"87",605351.28046299994,"407","612","1062","354","661","1054","367","692","1059","336","665","1001","334","675","1009","353","690","1043","337","705","1042","365","687","1052","364","674","1038","339","702","1041","344","734","1089"
"1879",GR,GRANT,RANDOLPH,,"76",153376.95409600000,"809","2051","3031","616","2325","3047","649","2394","3043","572","2359","2931","487","2494","2981","560","2461","3021","536","2446","2982","650","2380","3030","718","2281","2999","542","2468","3010","570","2521","3112"
"1453",AN,ASHEBORO NORTH,RANDOLPH,,"76",89812.82080410000,"1220","1314","2687","1074","1533","2693","1132","1566","2698","1016","1583","2599","950","1653","2603","1006","1670","2676","1022","1642","2664","1111","1567","2678","1155","1516","2671","1020","1661","2681","1024","1694","2744"
"1454",ANDE,ANDERSON,CASWELL,,"17",167730.39231900001,"227","457","714","191","500","707","207","497","704","180","510","690","161","549","710","170","531","701","163","528","691","199","503","702","218","487","705","180","518","698","177","541","724"
"1455",ANNW,ANDREWS NORTH WARD,CHEROKEE,,"20",185946.56648099999,"294","860","1210","270","882","1199","296","908","1204","250","904","1154","240","912","1152","254","946","1200","246","941","1187","263","935","1198","280","914","1194","266","926","1192","256","950","1225"
"1456",ANS,ANSONVILLE,ANSON,,"4",222374.12526000000,"363","384","773","334","415","772","334","431","765","309","418","727","293","452","745","300","457","757","311","444","755","337","425","762","336","422","758","308","446","754","306","464","773"
"1457",ANSW,ANDREWS SOUTH WARD,CHEROKEE,,"20",151032.28184200000,"259","783","1083","243","811","1089","263","831","1094","246","814","1060","221","837","1058","237","846","1083","230","851","1081","259","827","1086","242","843","1085","240","839","1079","233","855","1102"
"1458",ANTI,Voting District 00ANTI,GRANVILLE,,"39",77149.61269070000,"574","279","870","557","309","873","570","305","875","542","314","856","521","334","855","545","323","868","543","313","856","579","294","873","567","301","868","547","326","873","544","327","875"
"1459",AR,ARMORY,HENDERSON,,"45",60817.35124010000,"581","532","1164","500","632","1163","533","632","1165","490","626","1116","470","665","1135","501","651","1152","488","665","1153","516","643","1159","512","646","1158","488","667","1155","514","647","1176"
"1460",AR,ARCHDALE,RANDOLPH,,"76",107885.46553800000,"1982","3971","6283","1516","4642","6326","1670","4657","6327","1381","4712","6093","1217","4964","6181","1348","4925","6273","1367","4849","6216","1575","4713","6288","1787","4502","6289","1390","4874","6264","1398","5003","6460"
"1461",ARBA,Voting District 00ARBA,GREENE,,"40",104650.52779900000,"365","309","692","361","310","686","367","317","684","346","323","669","339","341","680","342","342","684","335","338","673","371","311","682","367","316","683","358","320","678","348","346","697"
"1462",AS,ASHEBORO SOUTH,RANDOLPH,,"76",97984.05336820000,"1063","1753","2966","830","2113","3009","896","2114","3010","754","2165","2919","643","2318","2961","727","2257","2984","719","2245","2964","863","2136","2999","1003","1999","3002","745","2240","2985","774","2258","3057"
"1507",BFT1,BEAUFORT 1,CARTERET,,"16",73348.68349260000,"759","385","1201","676","506","1209","688","523","1211","640","529","1169","581","600","1181","626","571","1197","629","551","1180","705","497","1202","688","510","1198","635","560","1195","669","548","1225"
"1463",AS25,ASBURY,LINCOLN,,"55",51876.47166760000,"640","1304","2027","525","1445","2023","541","1469","2010","469","1485","1954","448","1507","1955","457","1545","2002","451","1544","1995","532","1475","2007","527","1474","2001","463","1537","2000","468","1572","2051"
"1464",ASCI,Atlantic/Sea Level/Cedar Island,CARTERET,,"16",443929.35911000002,"187","436","657","151","474","648","166","487","653","137","482","619","125","503","628","141","500","641","134","503","637","177","474","651","152","485","637","129","507","636","125","540","672"
"1465",AT,ATKINSON,HENDERSON,,"45",132533.79059900000,"1460","1276","2885","1216","1610","2895","1294","1604","2898","1147","1628","2775","1105","1707","2812","1153","1700","2853","1123","1718","2841","1243","1636","2879","1241","1629","2870","1159","1693","2852","1242","1632","2896"
"1466",AUROR,AURORA,BEAUFORT,,"7",281249.04591799999,"417","306","763","391","345","764","405","354","759","361","375","736","352","385","737","375","380","755","359","392","751","400","360","760","404","355","759","366","391","757","369","396","776"
"1467",AUTR,AUTRYVILLE,SAMPSON,,"82",189752.62030200000,"299","900","1241","238","985","1250","265","981","1246","206","1008","1214","188","1050","1238","199","1037","1236","204","1023","1227","262","979","1241","243","989","1232","204","1014","1218","203","1063","1274"
"1468",AVON,AVON,DARE,,"28",426862.90211500000,"317","345","692","300","364","689","299","386","685","289","356","645","274","381","655","284","391","675","286","391","677","300","379","679","302","372","674","284","392","676","301","386","699"
"1541",CB,CRAB CREEK,HENDERSON,,"45",152125.12280000001,"430","591","1072","361","675","1070","379","687","1066","345","680","1025","321","719","1040","357","708","1065","347","717","1064","371","699","1070","370","694","1064","347","716","1063","356","714","1081"
"1469",AW,ASHEBORO WEST,RANDOLPH,,"76",94410.85177130000,"1892","1910","4023","1549","2378","4058","1648","2412","4060","1434","2470","3904","1291","2659","3950","1417","2599","4016","1417","2565","3982","1641","2409","4050","1748","2283","4031","1447","2559","4006","1515","2584","4126"
"1470",B1,BREVARD  1,TRANSYLVANIA,,"88",46271.14545910000,"983","367","1409","883","477","1404","934","472","1406","858","476","1334","830","530","1360","874","518","1392","861","522","1383","911","490","1401","911","482","1393","868","519","1387","891","512","1424"
"1542",CB,CAROVA BEACH,CURRITUCK,,"27",167320.66905200001,"80","132","218","68","142","218","73","147","220","67","139","206","64","137","201","68","150","218","66","150","216","74","146","220","71","145","216","67","150","217","72","142","219"
"1543",CB01,SUPPLY,BRUNSWICK,,"10",310814.07299999997,"715","915","1732","600","1076","1728","645","1081","1726","591","1076","1667","566","1109","1675","599","1118","1717","550","1141","1691","630","1081","1711","587","1113","1700","578","1122","1700","581","1166","1761"
"1544",CB02,SHALLOTTE,BRUNSWICK,,"10",251932.26651799999,"2147","2741","5241","1775","3270","5228","1865","3355","5220","1626","3366","4992","1580","3446","5026","1695","3495","5190","1575","3561","5136","1814","3382","5196","1743","3433","5176","1586","3585","5171","1671","3625","5340"
"1471",B1,BETHLEHEM 1,ALEXANDER,,"2",89881.74518480002,"769","1583","2485","600","1804","2480","657","1812","2469","526","1830","2356","501","1911","2412","532","1918","2450","530","1916","2446","590","1868","2458","586","1866","2452","539","1903","2442","568","1909","2503"
"1472",B1,B1,LEE,,"53",153292.94960399999,"758","985","1850","624","1160","1835","658","1175","1833","592","1158","1750","523","1268","1791","577","1237","1814","578","1221","1799","706","1132","1838","655","1165","1820","598","1217","1815","602","1263","1885"
"1475",B2,B2,LEE,,"53",68133.95293450000,"1106","677","1888","996","823","1884","1022","864","1886","945","837","1782","895","922","1817","951","904","1855","951","888","1839","1054","821","1875","1032","829","1861","957","898","1855","983","935","1939"
"1476",B3,BREVARD  3,TRANSYLVANIA,,"88",70458.38599960000,"1035","486","1590","939","610","1586","966","614","1580","890","626","1516","846","683","1529","902","662","1564","879","675","1554","950","622","1572","930","644","1574","897","667","1564","935","648","1605"
"1477",B4,BREVARD  4,TRANSYLVANIA,,"88",47108.60212040000,"867","296","1223","765","419","1220","816","416","1232","747","408","1155","722","464","1186","758","448","1206","731","468","1199","799","421","1220","791","423","1214","747","463","1210","785","439","1250"
"1545",CB03,FRYING PAN,BRUNSWICK,,"10",76559.39792610002,"878","1151","2203","698","1446","2214","729","1483","2212","604","1516","2120","580","1554","2134","638","1564","2202","600","1578","2178","710","1491","2201","682","1503","2185","596","1591","2187","629","1611","2261"
"1546",CB04,SECESSION 2,BRUNSWICK,,"10",152594.50988400000,"1251","1828","3333","983","2246","3331","989","2341","3330","842","2361","3203","806","2444","3250","899","2412","3311","833","2451","3284","991","2323","3314","950","2346","3296","831","2462","3293","894","2478","3399"
"1547",CB05,SECESSION 1,BRUNSWICK,,"10",107970.40179700000,"1110","1636","2966","913","1976","2964","955","2015","2970","815","2058","2873","782","2098","2880","851","2090","2941","773","2151","2924","918","2050","2968","884","2043","2927","800","2138","2938","833","2183","3032"
"1548",CB06,MOSQUITO 1,BRUNSWICK,,"10",202134.93052900000,"2557","2839","5823","2089","3577","5839","2156","3662","5818","1859","3711","5570","1824","3783","5607","1978","3798","5776","1778","3928","5706","2061","3741","5802","2026","3744","5770","1819","3946","5765","2013","3878","5929"
"1478",BA-1,BARRINGER,IREDELL,,"49",154512.69016500001,"1804","3136","5237","1543","3539","5223","1647","3574","5221","1446","3568","5014","1344","3684","5028","1427","3745","5172","1409","3758","5167","1545","3642","5187","1596","3584","5180","1430","3739","5169","1457","3830","5326"
"1551",CC,CATHEYS CREEK,TRANSYLVANIA,,"88",171888.33349500000,"745","1060","1896","617","1218","1890","650","1246","1896","581","1230","1811","536","1313","1849","570","1306","1876","563","1307","1870","626","1256","1882","630","1251","1881","579","1293","1872","588","1296","1906"
"1552",CC,CC,VANCE,,"91",150537.52937900001,"1069","979","2128","995","1079","2127","1024","1104","2128","947","1118","2065","890","1195","2085","933","1183","2116","946","1147","2093","1066","1057","2123","1009","1101","2110","963","1148","2111","963","1180","2158"
"1479",BC,BACK CREEK,RANDOLPH,,"76",156083.49000300001,"592","1899","2627","438","2131","2635","465","2170","2635","374","2186","2560","323","2253","2576","372","2240","2612","372","2223","2595","459","2169","2628","514","2101","2615","378","2239","2617","382","2265","2664"
"1480",BC,BIG CREEK,HAYWOOD,,"44",301558.00756900001,"7","11","19","6","13","19","7","12","19","5","10","15","5","11","16","6","13","19","6","14","20","5","13","18","6","12","18","6","14","20","6","11","18"
"1481",BC,BAT CAVE,HENDERSON,,"45",149929.18659000000,"331","361","726","288","413","727","295","427","722","280","422","702","266","440","706","281","441","722","283","436","719","293","428","721","281","440","721","282","437","719","286","437","733"
"1482",BC1,BC1,SWAIN,,"87",331003.18945200002,"629","898","1615","530","1017","1604","568","1036","1604","508","1014","1522","495","1047","1542","515","1052","1567","503","1055","1558","557","1039","1596","556","1020","1576","522","1054","1576","519","1124","1654"
"1487",BCRK,BROAD CREEK,CARTERET,,"16",83337.29857370000,"543","1058","1733","437","1247","1746","439","1307","1746","386","1286","1672","348","1341","1689","403","1331","1734","374","1343","1717","471","1276","1747","461","1279","1740","390","1344","1734","392","1352","1767"
"1488",BD,BOYD,TRANSYLVANIA,,"88",184480.44127700001,"911","1076","2099","762","1271","2099","807","1293","2100","743","1268","2011","692","1345","2037","741","1343","2084","710","1368","2078","784","1306","2090","776","1320","2096","732","1346","2078","739","1359","2122"
"1783",G2E-1,WESTAREA-G2E-1,CUMBERLAND,,"26",44471.18965470000,"1024","278","1362","1015","287","1355","1037","321","1358","1015","297","1312","996","303","1299","1026","324","1350","1015","322","1337","1047","310","1357","1033","323","1356","1021","330","1351","1017","339","1372"
"1489",BE,BETHANY,IREDELL,,"49",140428.74073300001,"1558","2534","4321","1332","2894","4325","1416","2910","4326","1259","2899","4158","1168","3020","4188","1242","3041","4283","1221","3037","4258","1350","2943","4293","1435","2842","4277","1251","3028","4279","1284","3078","4389"
"1490",BE-1,BEAVERDAM 1,HAYWOOD,,"44",63004.62312130000,"395","606","1051","313","709","1055","333","723","1056","305","703","1008","283","750","1033","302","746","1048","296","751","1047","319","738","1057","327","724","1051","305","743","1048","295","764","1069"
"1491",BE-2,BEAVERDAM 2,HAYWOOD,,"44",76136.76049950000,"413","523","984","344","609","981","363","619","982","336","625","961","280","679","959","323","657","980","318","659","977","344","639","983","340","637","977","330","643","973","318","661","994"
"1492",BE-3,BEAVERDAM 3,HAYWOOD,,"44",109591.04704799999,"651","786","1536","558","949","1540","576","967","1543","538","953","1491","473","1036","1509","525","1009","1534","517","1014","1531","565","971","1536","543","985","1528","538","993","1531","523","1015","1559"
"1493",BE-4,BEAVERDAM 4,HAYWOOD,,"44",83510.22842840002,"648","683","1402","546","819","1404","573","838","1411","526","819","1345","473","892","1365","513","887","1400","522","877","1399","565","847","1412","564","837","1401","532","866","1398","532","873","1416"
"1494",BE-7,BEAVERDAM 7,HAYWOOD,,"44",76853.34028660000,"353","599","1008","270","704","1006","279","727","1006","251","726","977","224","758","982","261","738","999","249","750","999","289","716","1005","281","723","1004","264","738","1002","257","749","1017"
"1495",BE56,BEAVERDAM 5/6,HAYWOOD,,"44",79614.65149850000,"731","637","1451","656","736","1445","670","774","1444","626","761","1387","571","839","1410","644","794","1438","640","804","1444","665","776","1441","663","780","1443","641","798","1439","621","809","1459"
"1501",BELVID,BELVIDERE,PERQUIMANS,,"72",139898.03245400000,"145","418","577","136","429","577","140","434","574","130","439","569","129","449","578","135","440","575","135","438","573","154","420","574","179","399","578","138","434","572","128","446","584"
"1502",BEN,BENSALEM,MOORE,,"63",237188.52384000001,"517","1082","1669","438","1197","1671","462","1208","1670","394","1213","1607","357","1280","1637","402","1254","1656","378","1266","1644","467","1195","1662","467","1187","1654","407","1248","1655","414","1274","1696"
"1503",BERE,Voting District 00BERE,GRANVILLE,,"39",172064.73783599999,"575","655","1288","523","732","1286","535","745","1280","488","747","1235","447","814","1261","483","795","1278","486","779","1265","563","717","1280","531","749","1280","499","776","1275","489","802","1297"
"1504",BETHEL,BETHEL,PERQUIMANS,,"72",277715.15101300000,"654","1446","2155","603","1510","2158","609","1548","2157","578","1523","2101","557","1555","2112","577","1566","2143","573","1570","2143","629","1521","2150","616","1533","2149","584","1562","2146","610","1520","2155"
"1505",BETHWR,BETHWR,CLEVELAND,,"23",96401.24009350000,"386","947","1403","336","1038","1404","340","1062","1402","308","1050","1358","295","1074","1369","303","1088","1391","307","1084","1391","331","1067","1398","355","1039","1394","307","1080","1387","295","1129","1431"
"1506",BEUL,BEULAVILLE,DUPLIN,,"31",212081.75179600000,"558","1656","2284","467","1758","2263","515","1763","2278","436","1762","2198","397","1829","2226","409","1843","2252","418","1817","2235","495","1773","2268","508","1750","2258","415","1828","2243","433","1893","2335"
"1508",BFT2,BEAUFORT 2,CARTERET,,"16",85512.92158080000,"1454","1475","3079","1257","1743","3094","1287","1803","3090","1187","1773","2960","1079","1915","2994","1201","1861","3062","1135","1906","3041","1309","1778","3087","1305","1758","3063","1156","1904","3060","1213","1920","3150"
"1509",BG,BEAR GRASS,MARTIN,,"58",141803.07866100001,"363","853","1255","299","929","1257","327","938","1265","282","939","1221","225","1022","1247","262","996","1258","263","974","1237","358","898","1256","360","893","1253","278","969","1247","259","1016","1282"
"1510",BIS,BISCOE,MONTGOMERY,,"62",148464.14824600000,"537","465","1047","494","500","1040","514","527","1041","479","517","996","445","570","1015","481","550","1031","474","553","1027","518","519","1037","550","487","1037","502","533","1035","492","575","1077"
"1553",CC01,CROSS CREEK 01,CUMBERLAND,,"26",46719.18509260000,"1093","147","1293","1102","148","1289","1126","162","1288","1093","156","1249","1076","159","1235","1114","159","1273","1088","171","1259","1126","153","1279","1119","163","1282","1118","161","1279","1126","175","1311"
"1511",BK,BRICKTON,HENDERSON,,"45",46496.31350030000,"609","544","1210","544","621","1207","565","641","1206","519","633","1152","494","666","1160","521","672","1193","510","680","1190","547","654","1201","554","648","1202","516","681","1197","533","659","1217"
"1512",BLCK,BLOUNTS CREEK,BEAUFORT,,"7",200435.27117800000,"326","388","744","292","429","746","294","449","743","280","436","716","253","463","716","276","463","739","269","459","728","303","435","738","298","440","738","274","462","736","275","472","754"
"1513",BM,BURGESS MILL,HYDE,,"48",302536.02927900001,"39","212","265","35","214","260","33","227","260","28","220","248","19","236","255","30","228","258","27","230","257","44","215","259","36","221","257","32","226","258","25","242","268"
"1514",BM08,BRYNN MARR,ONSLOW,,"67",69417.80654439999,"2544","1931","4819","2380","2212","4809","2446","2333","4779","2258","2251","4509","2163","2354","4517","2297","2418","4715","2218","2459","4677","2400","2374","4774","2384","2338","4722","2250","2459","4709","2343","2531","4934"
"1515",BNVL,BOONVILLE,YADKIN,,"99",169325.69686699999,"717","1436","2264","506","1695","2275","562","1697","2259","456","1705","2161","374","1846","2220","455","1794","2249","440","1789","2229","556","1684","2240","653","1592","2245","468","1767","2235","480","1803","2301"
"1517",BR,BRYANTVILLE,HERTFORD,,"46",175465.48557900000,"222","60","285","226","54","283","226","57","283","223","53","276","225","58","283","228","57","285","224","59","283","227","58","285","228","57","285","226","57","283","223","57","284"
"1518",BR,BROAD RIVER,CLEVELAND,,"23",215380.63529000001,"1230","2328","3704","1018","2629","3718","1072","2647","3719","952","2637","3589","840","2758","3598","925","2744","3669","907","2737","3644","1044","2642","3686","1096","2594","3690","940","2724","3664","954","2811","3791"
"1519",BRAS,BRASSTOWN,CLAY,,"22",114711.83160999999,"202","479","701","189","487","697","197","500","697","183","490","673","187","494","681","186","511","697","181","514","695","202","494","696","196","503","699","182","509","691","196","503","710"
"1520",BRAS,BRASSTOWN,CHEROKEE,,"20",95132.31915720001,"211","549","775","196","564","774","200","579","779","185","573","758","188","577","765","198","576","774","187","589","776","200","576","776","201","573","774","189","585","774","191","587","786"
"1521",BS26,BUFFALO SHOALS,LINCOLN,,"55",68014.61363240000,"654","1127","1869","567","1247","1872","605","1269","1874","540","1253","1793","520","1298","1818","537","1328","1865","515","1343","1858","577","1290","1867","577","1272","1849","522","1337","1859","530","1342","1887"
"1522",BTNR,Voting District 00BTNR,GRANVILLE,,"39",129736.92711700000,"1212","720","2042","1124","823","2030","1169","866","2035","1081","858","1939","1032","954","1986","1111","905","2016","1085","916","2001","1183","837","2020","1141","883","2024","1101","922","2023","1107","942","2073"
"1523",BULL,Voting District 00BULL,GREENE,,"40",181247.98870500000,"296","285","599","272","313","600","275","328","603","262","327","589","250","340","590","269","332","601","254","343","597","288","312","600","291","307","598","266","331","597","255","355","610"
"1524",BURN,BURNSVILLE,ANSON,,"4",203754.19480999999,"298","740","1081","253","789","1067","255","819","1074","236","793","1029","217","831","1048","223","831","1054","229","826","1055","259","797","1056","264","792","1056","225","827","1052","232","848","1085"
"1785",G30,G30,GUILFORD,,"41",24890.44524900000,"1001","469","1532","871","654","1557","912","647","1559","816","693","1509","730","803","1533","792","746","1538","795","737","1532","899","647","1546","939","608","1547","807","729","1536","862","690","1573"
"1525",BUTWD,BUTTERWOOD,HALIFAX,,"42",153356.81191100000,"122","126","252","125","124","253","122","128","250","114","127","241","111","137","248","112","135","247","116","133","249","130","123","253","123","126","249","116","129","245","113","140","256"
"1526",BUX,BUXTON,DARE,,"28",177492.97735999999,"307","560","913","295","580","906","301","597","898","266","579","845","274","594","868","281","606","887","283","602","885","304","596","900","290","601","891","285","605","890","284","632","928"
"1527",C,CONTENTNEA,LENOIR,,"54",203348.89747000000,"774","805","1641","729","882","1655","743","907","1650","699","923","1622","662","960","1622","704","941","1645","689","945","1634","756","895","1651","754","887","1641","703","942","1645","691","980","1680"
"1528",C1,C1,LEE,,"53",161577.51771499999,"1326","1807","3296","1140","2030","3287","1188","2097","3285","1087","2075","3162","1004","2195","3199","1077","2171","3248","1078","2150","3228","1223","2048","3271","1189","2055","3244","1101","2152","3253","1112","2215","3351"
"1529",C1,COLERAIN 1,BERTIE,,"8",184899.39171200001,"254","339","616","239","362","614","248","364","612","239","358","597","233","370","603","236","375","611","236","371","607","261","353","614","246","363","609","239","370","609","238","388","629"
"1530",C2,COLERAIN 2,BERTIE,,"8",185711.39409200000,"655","259","925","636","265","920","641","285","926","637","270","907","621","291","912","644","277","921","631","278","909","657","269","926","648","274","922","636","283","919","636","296","934"
"1531",C2,C2,LEE,,"53",146573.62764500000,"1201","1880","3233","1007","2154","3250","1033","2209","3242","931","2210","3141","812","2364","3176","879","2335","3214","900","2287","3187","1098","2135","3233","1060","2151","3211","934","2275","3209","927","2359","3305"
"1786",G31,G31,GUILFORD,,"41",25872.49057640000,"901","292","1245","805","411","1247","817","436","1253","746","457","1203","676","547","1223","743","496","1239","748","473","1221","814","426","1240","853","387","1240","761","469","1230","771","470","1266"
"1532",CA,CARR,ORANGE,,"68",123804.25261200000,"501","413","968","453","490","972","473","500","973","436","508","944","417","546","963","442","531","973","428","538","966","474","504","978","453","509","962","437","529","966","441","533","987"
"1787",G32,G32,GUILFORD,,"41",28240.27859090000,"1459","494","2047","1298","741","2073","1331","749","2080","1180","806","1986","1046","992","2038","1151","890","2041","1161","873","2034","1319","724","2043","1379","689","2068","1180","864","2044","1285","773","2075"
"1533",CALY,CALYPSO,DUPLIN,,"31",129126.39432500000,"191","345","564","163","380","558","167","394","561","145","396","541","122","433","555","136","422","558","145","412","557","176","382","558","184","369","553","145","410","555","145","427","575"
"1534",CAM,CAMERON,MOORE,,"63",183570.62369499999,"640","1531","2293","532","1696","2300","559","1735","2294","478","1727","2205","429","1788","2217","483","1789","2272","462","1808","2270","561","1725","2286","539","1744","2283","494","1785","2279","493","1842","2358"
"1535",CAN,CANDOR,MONTGOMERY,,"62",231697.94004099999,"459","504","995","415","552","998","442","559","1001","406","555","961","371","609","980","394","595","989","399","582","981","442","558","1000","455","540","995","424","571","995","397","609","1012"
"1536",CAN,CANADA,JACKSON,,"50",229873.12992499999,"127","256","403","111","290","408","118","293","411","109","290","399","102","300","402","105","300","405","103","304","407","107","299","406","107","299","406","104","300","404","103","303","410"
"1537",CAR,CARTHAGE,MOORE,,"63",321522.94286399998,"1588","2823","4654","1354","3148","4647","1387","3248","4635","1220","3234","4454","1114","3406","4520","1209","3389","4598","1201","3358","4559","1416","3204","4620","1386","3214","4600","1232","3352","4584","1263","3408","4709"
"1538",CAS,CASHIERS,JACKSON,,"50",249057.33775100001,"686","685","1441","551","868","1449","593","862","1455","513","883","1396","510","902","1412","523","908","1431","507","921","1428","560","889","1449","542","897","1439","508","933","1441","560","890","1468"
"1539",CASAR,CASAR,CLEVELAND,,"23",181928.17889899999,"197","945","1191","150","1017","1191","172","1019","1191","127","1034","1161","116","1062","1178","124","1054","1178","121","1060","1181","151","1030","1181","164","1023","1187","116","1057","1173","117","1097","1224"
"1540",CAST,Voting District 00CAST,GREENE,,"40",171910.35279599999,"224","425","671","206","460","679","218","457","675","198","461","659","183","480","663","194","477","671","193","475","668","228","447","675","236","436","672","202","467","669","189","485","679"
"1549",CB1,CARRBORO,ORANGE,,"68",48951.27755360000,"2306","156","2531","2278","193","2526","2292","220","2512","2243","211","2454","2200","258","2458","2269","228","2497","2261","232","2493","2309","204","2513","2280","216","2496","2257","239","2496","2275","224","2549"
"1788",G33,G33,GUILFORD,,"41",20712.81275440000,"1084","294","1440","936","491","1452","977","484","1461","867","533","1400","749","673","1422","822","612","1434","844","584","1428","955","491","1446","1012","446","1458","854","573","1427","929","515","1468"
"1550",CC,CLEAR CREEK,HENDERSON,,"45",103456.32491400000,"1308","1575","3038","1104","1845","3040","1159","1883","3042","1058","1875","2933","1001","1966","2967","1059","1964","3023","1039","1979","3018","1120","1916","3036","1109","1919","3028","1062","1965","3027","1089","1949","3079"
"1554",CC03,CROSS CREEK 03,CUMBERLAND,,"26",49687.83825840000,"627","321","1005","582","353","995","613","375","988","582","353","935","577","364","941","599","377","976","588","376","964","614","371","985","605","378","983","583","399","982","598","408","1024"
"1555",CC04,CROSS CREEK 04,CUMBERLAND,,"26",21082.94047380000,"502","250","815","450","330","811","469","341","810","410","350","760","419","350","769","430","370","800","425","363","788","471","335","806","451","345","796","416","382","798","442","370","825"
"1556",CC06,CROSS CREEK 06,CUMBERLAND,,"26",26157.69909400000,"432","303","806","389","364","804","418","386","804","371","383","754","364","395","759","394","405","799","389","407","796","420","384","804","399","398","797","394","405","799","385","417","817"
"1557",CC07,CROSS CREEK 07,CUMBERLAND,,"26",21001.08417540000,"443","276","780","367","373","784","403","383","786","332","397","729","342","398","740","346","426","772","344","419","763","400","380","780","385","386","771","352","421","773","361","421","796"
"1558",CC08,CROSS CREEK 08,CUMBERLAND,,"26",22980.49299140000,"563","470","1098","453","622","1109","477","628","1105","378","685","1063","407","654","1061","406","688","1094","410","678","1088","513","593","1106","490","612","1102","417","684","1101","451","657","1123"
"1561",CC12,CROSS CREEK 12,CUMBERLAND,,"26",22734.34459690000,"648","659","1380","490","840","1376","519","871","1390","405","918","1323","418","916","1334","429","939","1368","425","925","1350","549","825","1374","537","837","1374","442","921","1363","470","912","1399"
"1559",CC1,CODDLE CREEK  1,IREDELL,,"49",92795.48071829999,"2412","2524","5295","2064","3003","5269","2201","3072","5273","1945","3034","4979","1846","3165","5011","1990","3233","5223","1902","3306","5208","2053","3176","5229","2145","3080","5225","1917","3304","5221","2009","3341","5405"
"1560",CC10,CROSS CREEK 10,CUMBERLAND,,"26",18156.81804720000,"471","191","700","418","260","705","438","266","704","403","269","672","402","281","683","411","290","701","399","294","693","445","253","698","430","266","696","421","274","695","425","281","714"
"1562",CC13,CROSS CREEK 13,CUMBERLAND,,"26",42248.27982990000,"933","88","1061","920","88","1045","934","107","1041","914","97","1011","900","98","998","937","102","1039","914","110","1024","939","108","1047","942","101","1043","937","105","1042","969","105","1082"
"1563",CC14,CROSS CREEK 14,CUMBERLAND,,"26",40576.16868010001,"1015","769","1889","858","975","1901","908","997","1905","795","1031","1826","786","1051","1837","809","1071","1880","790","1073","1863","936","952","1888","919","979","1898","819","1061","1880","852","1061","1939"
"1564",CC15,CROSS CREEK 15,CUMBERLAND,,"26",45294.29360920000,"988","719","1808","825","949","1811","873","950","1823","770","980","1750","733","1029","1762","774","1024","1798","776","1001","1777","900","911","1811","857","942","1799","793","1001","1794","814","1029","1860"
"1565",CC16,CROSS CREEK 16,CUMBERLAND,,"26",28268.38897310000,"1107","53","1197","1106","53","1197","1126","70","1196","1119","58","1177","1085","75","1160","1128","63","1191","1099","82","1181","1138","61","1199","1128","61","1189","1130","62","1192","1124","62","1207"
"1569",CC21,CROSS CREEK 21,CUMBERLAND,,"26",32645.97033020000,"1510","474","2094","1443","556","2085","1487","587","2074","1424","567","1991","1399","596","1995","1440","615","2055","1413","628","2041","1501","577","2078","1474","584","2058","1452","603","2055","1459","632","2121"
"1566",CC17,CROSS CREEK 17,CUMBERLAND,,"26",72919.76593250000,"1180","185","1423","1170","204","1426","1195","228","1423","1167","207","1374","1140","226","1366","1189","225","1414","1169","238","1407","1207","218","1425","1193","227","1420","1197","221","1418","1193","229","1443"
"1567",CC18,CROSS CREEK 18,CUMBERLAND,,"26",40864.41069780000,"544","552","1161","455","692","1173","475","705","1180","394","742","1136","412","731","1143","416","755","1171","406","755","1161","486","688","1174","463","701","1164","430","730","1160","433","745","1193"
"1568",CC2,CODDLE CREEK  2,IREDELL,,"49",94273.59238060001,"2402","2393","5086","2101","2770","5052","2231","2814","5045","2029","2788","4817","1980","2877","4857","2080","2948","5028","1995","3002","4997","2138","2873","5011","2119","2882","5001","2030","2986","5016","2068","3030","5169"
"1789",G34,G34,GUILFORD,,"41",21109.59275320000,"1136","385","1591","966","587","1576","1003","577","1580","889","637","1526","791","758","1549","883","684","1567","889","668","1557","1006","559","1565","1088","500","1588","885","675","1560","984","600","1604"
"1570",CC22A,Cross Creek 22,CUMBERLAND,,"26",60101.55901260000,"1892","820","2865","1821","906","2847","1879","967","2846","1793","912","2705","1756","955","2711","1839","986","2825","1802","996","2798","1878","960","2838","1855","971","2826","1823","1011","2834","1842","1023","2908"
"1571",CC23-2,Cross Creek 23-2,CUMBERLAND,,"26",46567.16252840000,"1222","649","1973","1130","788","1983","1147","829","1976","1068","820","1888","1057","831","1888","1092","873","1965","1068","869","1937","1165","804","1969","1147","821","1968","1091","870","1961","1106","873","2014"
"1885",GW,GIBBS WOODS,CURRITUCK,,"27",115260.68285600000,"38","211","261","41","207","262","40","217","257","37","207","244","43","206","249","35","221","256","35","220","255","44","218","262","45","216","261","37","218","255","41","223","269"
"1572",CC24,CROSS CREEK 24,CUMBERLAND,,"26",32741.50518070000,"580","260","898","548","304","895","561","335","896","533","314","847","526","326","852","557","331","888","535","344","879","577","317","894","547","341","888","553","333","886","544","359","925"
"1574",CC26,CROSS CREEK 26,CUMBERLAND,,"26",29761.29228640000,"1607","458","2170","1587","482","2157","1612","538","2150","1558","489","2047","1531","518","2049","1587","541","2128","1554","560","2114","1619","521","2140","1598","530","2128","1583","543","2126","1585","579","2188"
"1573",CC25,CROSS CREEK 25,CUMBERLAND,,"26",27573.98180170000,"773","390","1248","747","455","1251","772","476","1248","732","437","1169","704","478","1182","753","484","1237","733","496","1229","778","469","1247","757","486","1243","750","492","1242","751","492","1271"
"1576",CC29,CROSS CREEK 29,CUMBERLAND,,"26",26463.23923810000,"915","359","1351","895","397","1350","916","431","1347","868","410","1278","863","426","1289","895","443","1338","887","440","1327","910","437","1347","906","434","1340","905","440","1345","898","455","1366"
"1575",CC27,CROSS CREEK 27,CUMBERLAND,,"26",37782.97744470000,"1724","459","2316","1696","513","2310","1736","563","2299","1682","518","2200","1660","543","2203","1728","558","2286","1713","565","2278","1750","546","2296","1723","564","2287","1697","588","2285","1687","603","2346"
"1577",CC3-1,CODDLE CREEK  3,IREDELL,,"49",120046.83991800000,"4182","4041","8780","3605","4877","8743","3844","4912","8756","3427","4970","8397","3277","5129","8406","3450","5209","8659","3324","5289","8613","3601","5086","8687","3659","5010","8669","3343","5316","8659","3523","5339","8956"
"1578",CC31,CROSS CREEK 31,CUMBERLAND,,"26",30760.41980980000,"732","403","1216","694","474","1221","707","518","1225","667","500","1167","653","507","1160","684","526","1210","659","539","1198","714","501","1215","689","524","1213","687","525","1212","694","537","1246"
"1579",CC32,CROSS CREEK 32,CUMBERLAND,,"26",28099.54686140000,"599","159","786","577","174","776","590","186","776","578","177","755","563","186","749","586","186","772","567","193","760","588","188","776","585","182","767","576","194","770","575","215","799"
"1582",CC4-1,CODDLE CREEK  4,IREDELL,,"49",100156.56300900000,"1767","2023","4040","1487","2441","4053","1607","2441","4048","1367","2522","3889","1287","2616","3903","1389","2621","4010","1304","2687","3991","1465","2559","4024","1451","2546","3997","1329","2677","4006","1452","2626","4123"
"1583",CC519,CROSS CREEK 519,CUMBERLAND,,"26",61978.99959720000,"1290","200","1579","1319","197","1582","1344","234","1578","1307","210","1517","1300","205","1505","1338","229","1567","1325","232","1557","1360","218","1578","1345","227","1572","1337","233","1570","1350","227","1602"
"1585",CCREEK,CROOKED CREEK,MCDOWELL,,"59",156963.59429400001,"541","983","1591","461","1091","1586","491","1101","1592","445","1075","1520","420","1129","1549","451","1118","1569","438","1125","1563","476","1102","1578","473","1107","1580","450","1112","1562","454","1144","1615"
"1586",CD,CONCORD,IREDELL,,"49",149130.65037900000,"1138","2598","3935","955","2882","3935","1025","2902","3927","881","2910","3791","830","2995","3825","881","3021","3902","850","3041","3891","950","2958","3908","1015","2890","3905","883","3022","3905","870","3092","3987"
"1587",CE,CECIL,HAYWOOD,,"44",176614.41953600000,"101","211","323","73","246","327","78","249","327","68","250","318","59","267","326","70","257","327","66","260","326","78","251","329","79","249","328","65","259","324","68","259","331"
"1588",CF01,CF01,NEW HANOVER,,"65",177305.60163399999,"2507","1569","4366","2234","1998","4366","2302","2060","4362","2077","2055","4132","2055","2121","4176","2151","2156","4307","2039","2230","4269","2267","2066","4333","2267","2038","4305","2081","2219","4300","2184","2215","4442"
"1589",CF02,CF02,NEW HANOVER,,"65",202856.99659400000,"1026","1182","2361","870","1402","2361","896","1457","2353","783","1442","2225","756","1502","2258","813","1520","2333","784","1528","2312","871","1472","2343","859","1466","2325","764","1562","2326","811","1557","2397"
"1590",CF05,CF05,NEW HANOVER,,"65",97009.28092380000,"1410","1098","2664","1241","1312","2652","1279","1373","2652","1161","1345","2506","1131","1397","2528","1212","1418","2630","1138","1463","2601","1268","1361","2629","1257","1371","2628","1156","1467","2623","1188","1484","2701"
"1591",CF06,CF06,NEW HANOVER,,"65",82767.51120450000,"1219","953","2335","1067","1184","2336","1116","1225","2341","992","1214","2206","959","1260","2219","1045","1270","2315","985","1305","2290","1103","1222","2325","1077","1236","2313","989","1317","2306","1039","1312","2379"
"1592",CF1,CEDAR FALLS,ORANGE,,"68",37307.38637460000,"3060","395","3580","2912","557","3539","2956","598","3554","2789","621","3410","2716","723","3439","2848","644","3492","2802","677","3479","2939","571","3510","2920","585","3505","2769","729","3498","2939","591","3602"
"1593",CF11,CAPE FEAR,PENDER,,"71",128889.22953500001,"928","1506","2608","778","1760","2619","796","1826","2622","735","1778","2513","703","1834","2537","720","1880","2600","697","1883","2580","776","1826","2602","781","1817","2598","707","1892","2599","723","1918","2665"
"1594",CF19,COWANS FORD,LINCOLN,,"55",86027.57300280000,"627","786","1542","492","1035","1570","537","1027","1564","438","1061","1499","411","1089","1500","449","1095","1544","412","1128","1540","508","1047","1555","476","1075","1551","417","1131","1548","480","1086","1589"
"1595",CFB8,COVE-FORT BARNWELL,CRAVEN,,"25",234033.20084800001,"421","699","1174","395","753","1177","414","766","1180","366","763","1129","354","795","1149","377","789","1166","359","799","1158","425","755","1180","405","757","1162","366","801","1167","369","816","1192"
"1596",CFK,CANEY FORK,JACKSON,,"50",168852.74076600000,"227","255","501","203","282","500","210","290","500","195","287","482","180","304","484","192","300","492","186","304","490","214","285","499","208","290","498","189","303","492","199","297","507"
"1597",CFRK,CEDAR FORK,DUPLIN,,"31",103432.08846600000,"74","459","554","65","469","551","70","476","546","61","459","520","53","473","526","68","473","541","57","481","538","83","465","548","69","469","538","57","482","539","54","503","562"
"1598",CG,CEDAR GROVE,ORANGE,,"68",135448.06277799999,"800","533","1412","728","652","1416","747","662","1409","694","664","1358","648","748","1396","678","727","1405","683","705","1388","757","650","1407","746","657","1403","690","705","1395","712","712","1435"
"1599",CG05,COOPERS GAP,POLK,,"75",215510.19961200000,"374","980","1420","294","1091","1416","318","1099","1417","284","1078","1362","278","1087","1365","287","1117","1404","288","1104","1392","309","1094","1403","304","1100","1404","289","1111","1400","283","1146","1440"
"1601",CG2,CG2,GUILFORD,,"41",55861.75651260000,"1240","525","1872","1070","755","1870","1121","761","1882","985","820","1805","887","955","1842","978","877","1855","962","885","1847","1091","768","1859","1119","754","1873","977","868","1845","1064","806","1892"
"1602",CG3A,CG3A,GUILFORD,,"41",34354.74801870000,"1099","310","1483","949","500","1482","974","509","1483","867","556","1423","770","680","1450","856","610","1466","875","584","1459","955","523","1478","1013","475","1488","864","602","1466","940","545","1502"
"1685",EAST H,EAST HERTFORD,PERQUIMANS,,"72",113567.60819800000,"354","250","620","344","257","618","353","260","613","341","258","599","330","269","599","336","279","615","332","279","611","359","258","617","354","258","612","343","270","613","335","280","624"
"1603",CG3B,CG3B,GUILFORD,,"41",44858.71991850000,"1788","615","2506","1557","914","2517","1634","887","2521","1458","989","2447","1330","1147","2477","1445","1048","2493","1439","1057","2496","1567","938","2505","1648","871","2519","1435","1063","2498","1557","947","2531"
"1604",CH,COURTHOUSE,CAMDEN,,"15",223902.61287200000,"661","1594","2333","633","1634","2326","630","1686","2316","582","1639","2221","569","1691","2260","582","1717","2299","580","1696","2276","661","1647","2308","657","1647","2304","611","1689","2300","630","1711","2367"
"1686",EBBS C,EBBS CHAPEL,MADISON,,"57",161622.14607500000,"375","423","850","329","497","853","344","510","854","317","497","814","305","520","825","312","531","843","316","527","843","333","516","849","317","525","842","316","529","845","310","541","864"
"1687",EBND,EAST BEND,YADKIN,,"99",154179.86093699999,"463","1208","1773","358","1372","1785","402","1374","1776","342","1382","1724","278","1479","1757","320","1452","1772","310","1453","1763","377","1398","1775","443","1328","1771","315","1455","1770","323","1466","1802"
"1688",EC,EDEN CENTRAL,ROCKINGHAM,,"79",82641.78113890000,"1338","1512","2996","1173","1780","3050","1213","1821","3034","1109","1822","2931","1032","1960","2992","1123","1899","3022","1114","1872","2986","1205","1826","3031","1278","1736","3014","1121","1889","3010","1127","1946","3090"
"1689",ED,EDNEYVILLE,HENDERSON,,"45",197216.82709400001,"1009","1384","2507","831","1602","2496","875","1635","2510","777","1615","2392","746","1692","2438","778","1696","2474","758","1715","2473","838","1646","2484","823","1655","2478","775","1707","2482","819","1674","2523"
"1690",ED-1,EDEN-1,ROCKINGHAM,,"79",115963.34397300000,"1173","1640","2981","1033","1854","2990","1107","1885","2992","997","1888","2885","915","2014","2929","998","1973","2971","972","1984","2956","1082","1900","2982","1113","1860","2973","1017","1961","2978","983","2038","3044"
"1691",EDWAR,EDWARD,BEAUFORT,,"7",229157.56319399999,"309","372","721","283","424","727","299","426","725","271","428","699","259","444","703","272","442","714","262","445","707","299","418","717","288","427","715","268","446","714","265","463","732"
"2012",KTHK,KITTY HAWK,DARE,,"28",125739.57030700000,"1030","1382","2526","956","1468","2503","974","1530","2504","885","1493","2378","857","1567","2424","904","1591","2495","891","1586","2477","982","1510","2492","944","1539","2483","876","1597","2473","947","1619","2586"
"2013",LAKE,LAKEWOOD,SAMPSON,,"82",337818.06828499999,"1100","766","1927","1068","808","1916","1107","802","1909","1046","808","1854","1015","861","1876","1043","844","1887","1035","842","1877","1110","791","1901","1081","814","1895","1054","818","1872","1065","875","1948"
"2014",LAKE G,LAKE GASTON,NORTHAMPTON,,"66",131037.92432300000,"504","499","1046","450","584","1053","467","586","1053","421","602","1023","399","634","1033","429","622","1051","430","619","1049","469","581","1050","455","598","1053","438","609","1047","447","614","1062"
"1605",CH,COURTHOUSE,CURRITUCK,,"27",174954.80683399999,"788","2478","3415","737","2546","3400","783","2615","3398","709","2527","3236","659","2599","3258","713","2652","3365","684","2650","3334","783","2597","3380","792","2579","3371","700","2669","3369","722","2708","3467"
"1606",CH,COKER HILLS,ORANGE,,"68",23595.41115640000,"1006","48","1082","973","89","1085","1002","79","1081","952","90","1042","932","125","1057","958","115","1073","968","104","1072","986","92","1078","983","89","1072","954","124","1078","995","84","1095"
"1607",CH-A,CHAMBERSBURG-A,IREDELL,,"49",154822.90244899999,"887","1193","2188","797","1331","2180","833","1346","2179","767","1339","2106","727","1394","2121","757","1407","2164","749","1409","2158","802","1367","2169","840","1330","2170","751","1415","2166","778","1430","2224"
"1608",CH-B,CHAMBERSBURG-B,IREDELL,,"49",103203.73121500001,"706","1540","2380","592","1684","2365","623","1734","2357","565","1702","2267","546","1741","2287","570","1791","2361","547","1797","2344","620","1739","2359","596","1749","2345","568","1784","2352","552","1837","2409"
"1609",CHAR,CHARITY,DUPLIN,,"31",162364.90667600001,"498","397","926","492","419","933","507","426","933","478","433","911","466","447","913","486","446","932","480","440","920","515","420","935","507","424","931","495","433","928","487","448","941"
"1610",CHCA,CHICAMACOMICO,DARE,,"28",626817.86905900005,"286","289","601","281","302","604","289","310","599","273","289","562","266","313","579","284","312","596","264","328","592","297","303","600","286","312","598","273","324","597","282","319","611"
"1611",CHE,CHEEKS CREEK,MONTGOMERY,,"62",264197.39624600002,"123","385","528","104","405","529","111","414","525","93","416","509","87","432","519","96","426","522","96","422","518","115","411","526","119","405","524","100","425","525","94","432","530"
"1612",CHIN,CHINQUAPIN,DUPLIN,,"31",162501.88848200001,"186","458","683","175","489","682","192","491","683","170","494","664","155","506","661","162","517","679","159","507","666","185","492","677","185","486","671","165","511","676","162","534","700"
"1613",CHOCO,CHOCOWINITY,BEAUFORT,,"7",268408.91605599999,"1049","1731","2921","929","1898","2918","1012","1907","2919","927","1900","2827","846","1987","2833","933","1958","2891","871","1994","2865","991","1916","2907","999","1905","2904","924","1975","2899","887","2060","2962"
"1616",CL-N,CLYDE NORTH,HAYWOOD,,"44",72263.68931659999,"777","850","1746","651","1038","1745","697","1056","1753","646","1036","1682","548","1149","1697","619","1121","1740","601","1131","1732","657","1089","1746","649","1091","1740","629","1110","1739","599","1137","1764"
"1617",CL-S,CLYDE SOUTH,HAYWOOD,,"44",72706.38072070002,"901","976","1985","728","1170","1967","791","1182","1973","711","1183","1894","615","1311","1926","678","1283","1961","684","1260","1944","747","1229","1976","732","1224","1956","692","1262","1954","693","1283","2004"
"1618",CL05,COLUMBIA,PENDER,,"71",244874.00492300000,"639","378","1053","621","408","1055","632","423","1055","621","402","1023","587","440","1027","614","432","1046","590","448","1038","629","422","1051","618","420","1038","605","437","1042","619","463","1088"
"1619",CL07,COLUMBUS-1,POLK,,"75",138940.76462599999,"823","971","1882","729","1090","1874","760","1112","1872","691","1084","1775","670","1133","1803","703","1153","1856","683","1163","1846","748","1114","1862","740","1122","1862","687","1172","1859","710","1174","1897"
"1620",CL08,COLUMBUS-2,POLK,,"75",131078.12298700001,"1022","1199","2310","891","1366","2309","925","1384","2309","854","1354","2208","815","1415","2230","852","1426","2278","825","1433","2258","900","1398","2298","895","1396","2291","862","1427","2289","896","1450","2360"
"1621",CL10,CATHERINE LAKE,ONSLOW,,"67",132745.99261700001,"644","1583","2411","533","1733","2385","571","1789","2360","479","1736","2215","439","1813","2252","517","1825","2342","486","1847","2333","588","1777","2365","571","1775","2346","475","1860","2335","481","1967","2471"
"1622",CL57-1,CLIFFDALE_WEST- 1-CL57,CUMBERLAND,,"26",54024.56954590000,"1557","524","2166","1526","566","2169","1555","604","2159","1520","563","2083","1500","598","2098","1558","595","2153","1524","621","2145","1562","601","2163","1551","610","2161","1534","625","2159","1529","643","2198"
"1710",ES,EASTSIDE,ORANGE,,"68",21493.30606060000,"1417","164","1617","1366","212","1614","1387","225","1612","1324","235","1559","1285","289","1574","1338","258","1596","1325","261","1586","1384","216","1600","1361","225","1586","1320","269","1589","1356","244","1627"
"1711",ES,ETOWAH SOUTH,HENDERSON,,"45",98778.25771409999,"887","897","1884","749","1090","1889","799","1090","1889","708","1108","1816","655","1185","1840","710","1163","1873","699","1167","1866","766","1120","1886","747","1129","1876","726","1153","1879","737","1134","1901"
"1712",ESC114,EAST SILER CITY,CHATHAM,,"19",185222.30510500001,"1553","1183","2856","1453","1327","2853","1515","1353","2868","1426","1336","2762","1344","1456","2800","1423","1413","2836","1408","1402","2810","1516","1317","2833","1508","1322","2830","1435","1399","2834","1425","1460","2901"
"1623",CL57-2,CLIFFDALE_WEST- 2-CL57,CUMBERLAND,,"26",43259.57628110000,"1651","403","2152","1639","447","2143","1675","466","2141","1604","449","2053","1591","471","2062","1643","473","2116","1608","492","2100","1663","473","2136","1630","489","2119","1640","483","2123","1651","514","2193"
"1624",CLCE,"CLINTON, CENTRAL",SAMPSON,,"82",55568.25716040000,"457","72","548","435","74","529","454","79","533","432","78","510","426","95","521","434","90","524","426","90","516","454","82","536","449","78","527","436","82","518","467","89","562"
"1634",CO,COLONIAL HEIGHTS,ORANGE,,"68",37014.04879460000,"1876","171","2126","1852","219","2103","1878","226","2104","1794","227","2021","1760","286","2046","1810","278","2088","1818","264","2082","1855","233","2088","1836","248","2084","1793","288","2081","1832","243","2129"
"1920",H21,H21,GUILFORD,,"41",24250.14436660000,"620","390","1087","569","466","1071","587","489","1076","517","488","1005","482","539","1021","534","525","1059","523","529","1052","561","500","1061","608","459","1067","526","534","1060","543","543","1102"
"1635",COL,COLINGTON,DARE,,"28",104990.21112100000,"1259","1563","2943","1176","1639","2907","1224","1679","2903","1149","1627","2776","1111","1695","2806","1147","1726","2873","1107","1761","2868","1205","1688","2893","1170","1713","2883","1121","1747","2868","1177","1779","2981"
"1636",COMIPE,Conway/MILWAUKEE/PENDLETON,NORTHAMPTON,,"66",187863.39297099999,"459","444","924","428","473","921","443","475","918","416","473","889","382","538","920","399","520","919","403","505","908","456","458","914","436","476","912","421","489","910","400","536","943"
"1637",CONC,CONOCONNARA,HALIFAX,,"42",177961.53041800001,"157","65","227","152","70","227","162","65","227","149","65","214","145","74","219","155","68","223","153","70","223","162","61","223","152","67","219","159","65","224","150","72","227"
"1638",CORI,Voting District 00CORI,GRANVILLE,,"39",195771.90591900001,"907","861","1841","815","979","1840","851","993","1844","793","983","1776","716","1082","1798","759","1067","1826","780","1036","1816","902","942","1844","856","984","1840","796","1036","1832","796","1064","1874"
"1640",CR,CRABTREE,HAYWOOD,,"44",167522.07156099999,"618","706","1384","513","837","1373","536","844","1380","486","834","1320","421","931","1352","490","873","1363","472","882","1354","531","837","1368","514","855","1369","483","872","1355","486","891","1388"
"1641",CR,CROSS ROADS,MARTIN,,"58",131141.52445699999,"356","399","774","336","406","768","357","411","768","328","419","747","307","449","756","328","438","766","320","432","752","357","406","763","352","410","762","330","428","758","323","463","788"
"1642",CR07,CROSS ROADS,ONSLOW,,"67",154651.23746900001,"1252","2059","3571","1052","2309","3537","1130","2409","3539","993","2307","3300","915","2411","3326","1021","2440","3461","936","2498","3434","1121","2390","3511","1085","2389","3474","981","2469","3450","1004","2633","3668"
"1734",FP08,FP08,NEW HANOVER,,"65",136538.66602000000,"2431","1902","4628","2116","2390","4632","2186","2449","4635","1914","2482","4396","1893","2551","4444","2028","2558","4586","1898","2632","4530","2114","2482","4596","2118","2457","4575","1906","2658","4564","2039","2636","4715"
"1643",CRDL,Voting District 00CRDL,GRANVILLE,,"39",45795.75828680000,"1021","343","1403","969","400","1394","983","402","1385","935","418","1353","890","469","1359","934","448","1382","942","429","1371","1014","380","1394","982","408","1390","951","438","1389","943","454","1414"
"1735",FR,FLAT ROCK,HENDERSON,,"45",107113.27307300000,"1573","1003","2715","1332","1351","2742","1399","1338","2737","1251","1397","2648","1205","1464","2669","1255","1446","2701","1214","1477","2691","1343","1384","2727","1315","1403","2718","1233","1484","2717","1351","1370","2747"
"1923",H24,H24,GUILFORD,,"41",34247.34632150000,"1153","757","2020","1044","910","2028","1089","938","2027","985","950","1935","882","1073","1955","965","1027","1992","957","1019","1976","1080","923","2003","1134","874","2008","988","1006","1994","1020","1016","2072"
"1644",CRDM,Voting District 00CRDM,GRANVILLE,,"39",127711.27019100000,"2119","1517","3794","1946","1743","3795","1988","1798","3786","1871","1772","3643","1764","1916","3680","1883","1875","3758","1878","1854","3732","2053","1732","3785","1996","1771","3767","1877","1887","3764","1907","1876","3836"
"1645",CREEKS,CREEKSVILLE,NORTHAMPTON,,"66",147160.47423900000,"199","218","434","179","244","432","181","251","432","176","244","420","161","277","438","172","263","435","168","262","430","194","234","428","186","242","428","174","250","424","167","270","440"
"1646",CS,COOL SPRINGS,IREDELL,,"49",146696.68535399999,"759","1351","2194","644","1514","2201","683","1507","2190","608","1514","2122","569","1571","2140","617","1560","2177","583","1589","2172","657","1526","2183","701","1476","2177","613","1564","2177","617","1603","2237"
"1647",CS04,CASWELL,PENDER,,"71",225526.40272799999,"365","358","770","314","433","775","321","455","776","297","452","749","270","470","740","307","464","771","287","478","765","313","462","775","316","459","775","299","470","769","281","498","785"
"1648",CS1,COLES STORE,ORANGE,,"68",99422.55920410001,"1164","322","1554","1088","442","1562","1099","463","1562","1018","490","1508","937","592","1529","1030","514","1544","1017","514","1531","1101","453","1554","1105","452","1557","1004","540","1544","1084","475","1579"
"1649",CSON,CULBERSON,CHEROKEE,,"20",135243.18872000001,"163","604","794","150","619","791","162","633","795","146","623","769","145","628","773","147","643","790","146","648","794","163","629","792","155","630","785","148","637","785","139","652","801"
"1650",CT03,CANETUCK,PENDER,,"71",238774.76357000001,"74","38","117","71","44","119","70","50","120","66","48","114","68","51","119","71","46","117","67","52","119","76","47","123","69","50","119","68","49","117","68","54","123"
"1651",CU02,CUMBERLAND 2,CUMBERLAND,,"26",24322.24270760000,"744","427","1249","698","497","1248","732","513","1245","669","513","1182","650","532","1182","679","557","1236","671","557","1228","721","519","1240","692","542","1234","686","554","1240","678","571","1277"
"1652",CUCL,CUNNINGHAM/CHUB LAKE,PERSON,,"73",182184.78794600000,"620","823","1487","518","929","1485","562","930","1492","486","941","1427","428","1023","1451","470","992","1462","470","968","1438","573","911","1484","552","920","1472","479","987","1466","499","1029","1538"
"1653",CUL,CULLOWHEE,JACKSON,,"50",174286.76220500001,"2820","1199","4335","2605","1434","4240","2758","1516","4274","2548","1446","3994","2447","1591","4038","2609","1582","4191","2548","1623","4171","2689","1540","4229","2702","1500","4202","2561","1619","4180","2666","1673","4420"
"1654",CW,CALDWELL,ORANGE,,"68",149470.95166900000,"1181","1252","2532","1023","1471","2543","1060","1479","2539","965","1501","2466","864","1645","2509","944","1569","2513","937","1559","2496","1087","1440","2527","1042","1461","2503","958","1539","2497","993","1566","2583"
"1655",CX,CHEEKS,ORANGE,,"68",135433.94029800000,"3468","1726","5447","3177","2119","5462","3263","2188","5451","3051","2197","5248","2899","2409","5308","3134","2280","5414","3054","2338","5392","3288","2140","5428","3199","2186","5385","3064","2342","5406","3135","2318","5531"
"1656",CYCK,CYPRESS CREEK,DUPLIN,,"31",250219.97293300001,"210","813","1052","172","850","1044","196","845","1041","181","830","1011","154","880","1034","170","872","1042","153","871","1024","183","856","1039","197","837","1034","162","867","1029","157","903","1063"
"1657",D1,D1,LEE,,"53",250760.34610600001,"1577","1651","3435","1311","1974","3430","1383","2045","3428","1198","2054","3252","1054","2271","3325","1180","2205","3385","1194","2159","3353","1454","1961","3415","1412","1982","3394","1215","2163","3378","1249","2181","3476"
"1658",D2,D2,LEE,,"53",148260.90130600001,"1670","1448","3330","1391","1851","3339","1410","1928","3338","1262","1940","3202","1099","2158","3257","1218","2079","3297","1253","2008","3261","1547","1804","3351","1479","1829","3308","1253","2035","3288","1316","2083","3420"
"1924",H25,H25,GUILFORD,,"41",43365.44430820000,"1573","1016","2754","1355","1343","2765","1391","1376","2767","1247","1397","2644","1130","1569","2699","1248","1486","2734","1244","1474","2718","1389","1354","2743","1450","1297","2747","1256","1475","2731","1290","1478","2805"
"1663",DHR,DEEP RIVER/HIGH FALLS/RITTER,MOORE,,"63",177679.80630900001,"319","1024","1394","248","1131","1398","263","1137","1400","215","1151","1366","177","1206","1383","210","1167","1377","211","1160","1371","254","1135","1389","268","1112","1380","224","1156","1380","228","1192","1422"
"1664",DM,DAMASCUS,ORANGE,,"68",57744.77776320000,"1617","156","1822","1579","207","1812","1600","208","1808","1541","218","1759","1472","290","1762","1554","239","1793","1533","260","1793","1575","224","1799","1579","220","1799","1525","270","1795","1569","229","1824"
"10104","902",BRUNSON ELEMENTARY,FORSYTH,,"34",23548.35614740000,"1347","191","1604","1291","257","1594","1324","275","1599","1232","271","1503","1213","320","1533","1249","312","1561","1238","325","1563","1299","282","1581","1286","284","1570","1238","324","1562","1312","303","1629"
"1665",DN29,DENVER,LINCOLN,,"55",84306.18504700002,"1084","1775","3045","869","2126","3062","918","2141","3059","779","2155","2934","732","2216","2948","771","2260","3031","742","2275","3017","850","2190","3040","841","2187","3028","737","2285","3022","816","2280","3111"
"1666",DR,DEEP RIVER,RANDOLPH,,"76",143542.10668500001,"864","2460","3512","663","2720","3512","738","2766","3504","626","2749","3375","555","2864","3419","599","2885","3484","619","2833","3452","711","2791","3502","831","2661","3492","621","2865","3486","617","2938","3578"
"1667",DR,DRAPER,ROCKINGHAM,,"79",115430.78595200001,"618","832","1535","540","955","1545","565","966","1531","534","938","1472","501","1008","1509","547","974","1521","523","985","1508","580","952","1532","588","946","1534","538","985","1523","531","1031","1573"
"1668",DR,DUNNS ROCK,TRANSYLVANIA,,"88",168506.57277599999,"1365","722","2168","1186","945","2164","1209","957","2166","1106","977","2083","1067","1039","2106","1100","1035","2135","1090","1037","2127","1174","974","2148","1159","982","2141","1107","1025","2132","1178","985","2187"
"1669",DUCK,DUCK,DARE,,"28",128345.07410699999,"340","226","590","311","268","594","314","277","591","293","276","569","289","287","576","295","292","587","277","304","581","300","287","587","303","282","585","285","294","579","319","271","599"
"1670",DV08,DANIELS/VALE,LINCOLN,,"55",178279.38425500001,"605","1751","2468","515","1911","2480","550","1928","2478","460","1932","2392","409","2008","2417","459","1998","2457","448","2007","2455","519","1948","2467","526","1923","2449","463","1994","2457","443","2051","2511"
"1672",DV1B-1,DAVIDSON  1-B,IREDELL,,"49",153853.84089100000,"3602","4321","8523","2754","5641","8578","2975","5633","8608","2392","5781","8173","2290","5915","8205","2413","6007","8420","2261","6153","8414","2646","5862","8508","2735","5708","8443","2299","6148","8447","2747","5976","8801"
"1673",DV2A-1,DAVIDSON  2-A,IREDELL,,"49",146515.30498300001,"2022","2330","4689","1651","2921","4707","1792","2915","4707","1510","2951","4461","1459","3045","4504","1527","3110","4637","1483","3144","4627","1638","3028","4666","1630","2985","4615","1501","3115","4616","1638","3129","4818"
"1738",FR3,FR3,GUILFORD,,"41",31245.54467030000,"865","413","1362","794","532","1363","813","559","1372","732","557","1289","668","643","1311","736","611","1347","727","614","1341","802","554","1356","829","536","1365","733","616","1349","775","583","1378"
"1739",FR4,FR4,GUILFORD,,"41",81291.63085000000,"763","402","1251","640","572","1251","672","583","1255","592","592","1184","523","693","1216","579","653","1232","577","643","1220","652","584","1236","705","537","1242","585","643","1228","637","611","1267"
"1674",DV2B-1,DAVIDSON  2-B,IREDELL,,"49",110223.01555500001,"2872","2789","6033","2396","3466","6022","2564","3483","6047","2206","3543","5749","2129","3639","5768","2223","3731","5954","2135","3802","5937","2385","3596","5981","2357","3601","5958","2147","3795","5942","2373","3737","6168"
"1675",DW28,DENVER WEST,LINCOLN,,"55",119577.07490199999,"909","1549","2630","737","1838","2650","797","1855","2652","660","1888","2548","637","1927","2564","659","1968","2627","637","1989","2626","726","1911","2637","740","1882","2622","627","1997","2624","703","1965","2688"
"1676",DYSART,DYSARTSVILLE,MCDOWELL,,"59",156876.36791100001,"568","1326","1983","454","1469","1976","494","1486","1980","436","1481","1917","411","1519","1930","421","1538","1959","419","1530","1949","463","1507","1970","453","1512","1965","430","1533","1963","435","1566","2016"
"1677",E,ELLENDALE,ALEXANDER,,"2",199435.70757900001,"507","1347","1955","428","1462","1956","450","1499","1949","395","1481","1876","360","1559","1919","417","1522","1939","380","1553","1933","441","1506","1947","454","1476","1930","393","1540","1933","386","1588","1984"
"1678",E1,E1,LEE,,"53",160157.33363300000,"796","1271","2169","652","1449","2159","695","1468","2163","588","1469","2057","458","1668","2126","551","1586","2137","574","1541","2115","760","1400","2160","663","1476","2139","601","1532","2133","582","1616","2207"
"1679",E2,E2,LEE,,"53",103993.66100500000,"1736","1242","3155","1569","1498","3164","1624","1537","3161","1496","1540","3036","1401","1654","3055","1506","1615","3121","1488","1614","3102","1649","1505","3154","1597","1534","3131","1514","1614","3128","1548","1644","3222"
"1740",FR5A,FR5A,GUILFORD,,"41",44340.06327900000,"1116","543","1762","996","727","1767","1021","739","1760","934","730","1664","828","872","1700","922","801","1723","922","799","1721","991","741","1732","1030","722","1752","943","790","1733","1001","760","1782"
"1680",EA1,EAST FRANKLIN,ORANGE,,"68",25080.57893520000,"1517","129","1693","1412","246","1680","1444","233","1677","1380","242","1622","1315","312","1627","1358","296","1654","1367","284","1651","1428","234","1662","1419","235","1654","1325","329","1654","1434","253","1710"
"1681",EAB,EAST ABERDEEN,MOORE,,"63",117065.32342200000,"1188","975","2310","1036","1190","2303","1072","1249","2321","976","1210","2186","922","1281","2203","961","1307","2268","946","1307","2253","1079","1218","2297","1047","1237","2284","963","1307","2270","1033","1305","2357"
"1682",EAOX,Voting District 00EAOX,GRANVILLE,,"39",65771.09227550002,"1036","380","1461","986","463","1476","1001","471","1472","923","490","1413","893","548","1441","941","516","1457","948","503","1451","1035","436","1471","1002","462","1464","954","508","1462","964","521","1492"
"1683",EAST,EAST ELIZABETH CITY,PASQUOTANK,,"70",66421.75710890000,"1288","885","2266","1244","948","2268","1281","986","2267","1211","959","2170","1134","1038","2172","1196","1042","2238","1198","1017","2215","1307","950","2257","1281","971","2252","1215","1022","2237","1266","998","2284"
"1684",EAST,EAST WARD,GRAHAM,,"38",181254.80558499999,"452","1365","1885","358","1428","1837","384","1463","1847","339","1410","1749","320","1448","1768","342","1460","1802","318","1465","1783","381","1430","1811","378","1432","1810","349","1451","1800","321","1587","1930"
"1692",EF,EAST FLAT ROCK,HENDERSON,,"45",67520.95167759999,"836","1048","2002","709","1220","2005","753","1254","2007","675","1242","1917","645","1296","1941","682","1309","1991","661","1317","1978","717","1276","1993","697","1294","1991","668","1316","1984","683","1312","2029"
"1693",EF,EAST FORK,HAYWOOD,,"44",181522.47969499999,"308","619","978","254","700","982","259","723","982","238","705","943","213","742","955","241","734","975","228","744","972","244","734","978","254","721","975","233","739","972","238","740","983"
"1694",EF,EFLAND,ORANGE,,"68",143217.22149400000,"1045","723","1853","945","863","1860","967","882","1849","890","890","1780","814","990","1804","879","945","1824","887","935","1822","993","841","1834","941","874","1815","895","928","1823","930","926","1876"
"1695",EF,EAST FORK,TRANSYLVANIA,,"88",146950.02712099999,"460","357","852","385","462","861","417","442","859","373","458","831","354","480","834","376","472","848","359","491","850","406","453","859","386","464","850","372","479","851","387","475","870"
"1696",EH,ESTES HILLS,ORANGE,,"68",38105.12703750000,"1680","117","1861","1622","194","1853","1646","196","1842","1568","198","1766","1517","268","1785","1582","231","1813","1568","241","1809","1626","195","1821","1609","207","1816","1556","256","1812","1621","211","1866"
"1697",EH1,EH1,VANCE,,"91",41977.83271750000,"969","75","1072","968","70","1067","991","86","1077","975","74","1049","963","85","1048","980","89","1069","968","89","1057","995","79","1074","985","87","1072","983","85","1068","984","92","1086"
"1698",EKWD,EAST KNOLLWOOD,MOORE,,"63",83866.49839050000,"562","537","1170","474","681","1183","496","692","1188","420","713","1133","402","745","1147","420","745","1165","409","744","1153","486","690","1176","483","682","1165","430","731","1161","454","753","1218"
"1699",EL,EAST LAKE,DARE,,"28",336830.01284699998,"21","51","73","22","49","73","22","48","70","20","46","66","19","48","67","22","49","71","25","50","75","22","50","72","22","51","73","16","52","68","20","52","75"
"1700",ELD,ELDORADO,MONTGOMERY,,"62",210210.90334600001,"452","902","1437","344","1081","1447","355","1099","1454","280","1137","1417","238","1178","1416","263","1174","1437","273","1157","1430","337","1106","1443","342","1093","1435","269","1167","1436","289","1168","1465"
"1701",EM,EAGLE MILLS,IREDELL,,"49",150863.35284100001,"251","740","1036","197","804","1023","200","816","1016","184","818","1002","157","850","1007","170","847","1017","172","850","1022","206","810","1016","203","812","1015","182","839","1021","174","869","1047"
"1741",FR5B,FR5B,GUILFORD,,"41",39448.95300860000,"656","464","1181","550","584","1173","578","599","1177","531","589","1120","468","669","1137","522","633","1155","528","627","1155","568","597","1165","589","572","1161","528","621","1149","556","641","1208"
"1742",FRCO,FRISCO,DARE,,"28",82554.87412490000,"213","360","599","189","374","589","200","392","592","182","372","554","186","385","571","194","387","581","188","391","579","195","393","588","208","381","589","189","390","579","194","415","617"
"1743",FS16,FOLKSTONE,ONSLOW,,"67",256450.23478599999,"1350","2464","4129","1092","2823","4090","1133","2935","4068","970","2814","3784","931","2891","3822","989","2976","3965","904","3020","3924","1118","2919","4037","1070","2902","3972","937","3025","3962","1038","3201","4283"
"1744",FT,FALLSTOWN,IREDELL,,"49",143118.34455200000,"2922","4376","7734","2415","5151","7750","2616","5130","7746","2234","5231","7465","2142","5328","7470","2240","5434","7674","2182","5479","7661","2397","5289","7686","2476","5167","7643","2185","5472","7657","2359","5447","7882"
"1703",EN03,EAST NORTHWOODS,ONSLOW,,"67",113480.44837100001,"3951","3024","7530","3599","3501","7467","3730","3688","7418","3482","3486","6968","3342","3649","6991","3547","3772","7319","3433","3841","7274","3717","3691","7408","3660","3690","7350","3495","3814","7309","3579","4089","7760"
"1704",ENF 2,ENFIELD 2,HALIFAX,,"42",263651.80199900002,"672","108","795","675","100","792","684","109","793","670","106","776","653","117","770","672","119","791","678","114","792","681","104","785","683","111","794","677","107","784","685","112","799"
"1705",ENF1,ENFIELD 1,HALIFAX,,"42",198507.45516200000,"1246","202","1475","1232","228","1477","1235","236","1471","1211","236","1447","1185","265","1450","1228","252","1480","1217","259","1476","1262","212","1474","1258","224","1482","1221","247","1468","1225","252","1491"
"1706",ENG,ENGELHARD,HYDE,,"48",338443.85522400000,"131","189","327","116","195","326","128","196","324","117","194","311","102","217","319","121","205","326","111","212","323","132","195","327","132","193","325","122","201","323","110","213","328"
"1707",ENO,ENO,ORANGE,,"68",100930.33848700000,"1254","636","1963","1165","771","1977","1178","794","1972","1095","820","1915","1021","907","1928","1105","847","1952","1107","838","1945","1178","779","1957","1153","790","1943","1114","834","1948","1151","823","1994"
"1708",EO01,EASTOVER 1,CUMBERLAND,,"26",140713.50444600001,"1096","1215","2444","958","1423","2456","1002","1457","2459","916","1437","2353","870","1516","2386","903","1533","2436","896","1521","2417","1031","1416","2447","992","1443","2435","947","1485","2432","924","1555","2502"
"1709",EO02,EASTOVER 2,CUMBERLAND,,"26",125442.33728500000,"752","882","1737","670","1006","1741","711","1027","1738","656","1011","1667","630","1038","1668","663","1053","1716","651","1054","1705","726","1000","1726","698","1025","1723","665","1057","1722","681","1069","1765"
"1713",EUR-WP,EUREKA/WHISPERING PINES,MOORE,,"63",98482.11825290001,"1468","2091","3813","1169","2520","3825","1222","2596","3818","1030","2572","3602","976","2693","3669","1018","2731","3749","995","2735","3730","1204","2593","3797","1236","2551","3787","1022","2730","3752","1148","2705","3894"
"1714",EV,ETOWAH VALLEY,HENDERSON,,"45",86134.73916410000,"1037","1102","2247","846","1363","2255","898","1363","2261","805","1369","2174","757","1438","2195","812","1418","2230","790","1434","2224","868","1372","2240","853","1382","2235","805","1432","2237","855","1387","2270"
"1715",EWD,EASTWOOD,MOORE,,"63",117803.91854600000,"550","822","1452","455","962","1450","466","990","1456","414","982","1396","369","1040","1409","411","1028","1439","407","1024","1431","470","968","1438","473","963","1436","420","1013","1433","438","1029","1477"
"1716",FAIS,FAISON,DUPLIN,,"31",220625.34604900001,"425","495","965","390","533","948","415","532","947","384","537","921","357","576","933","382","562","944","385","546","931","430","517","947","405","534","939","392","548","940","377","590","976"
"1717",FALSTN,FALSTN,CLEVELAND,,"23",113684.96368700000,"320","892","1285","252","1005","1283","262","1023","1285","217","1007","1224","195","1061","1256","196","1064","1260","204","1052","1256","240","1028","1268","267","1002","1269","213","1050","1263","197","1112","1317"
"1718",FAUCT,FAUCETT,HALIFAX,,"42",212724.03292000000,"399","449","866","383","466","866","387","478","865","361","480","841","337","515","852","352","509","861","356","503","859","401","464","865","379","483","862","364","496","860","353","519","876"
"1719",FBSH,FORBUSH,YADKIN,,"99",169995.19193800000,"745","1659","2538","548","1958","2575","600","1960","2560","486","1973","2459","387","2133","2520","467","2085","2552","472","2065","2537","581","1978","2559","654","1896","2550","479","2060","2539","487","2091","2601"
"1720",FC,FALLING CREEK,LENOIR,,"54",163005.23869900001,"1196","1720","3029","1052","1941","3060","1097","1958","3055","976","1978","2954","896","2079","2975","990","2034","3024","949","2060","3009","1143","1900","3043","1157","1876","3033","961","2059","3020","977","2101","3096"
"1721",FC-1,FINES CREEK 1,HAYWOOD,,"44",256274.83438799999,"259","352","636","222","407","642","232","408","640","214","411","625","179","458","637","208","429","637","204","430","634","220","421","641","221","418","639","205","435","640","209","436","652"
"1722",FC-2,FINES CREEK 2,HAYWOOD,,"44",53537.95134320000,"63","66","135","52","80","133","59","74","133","51","80","131","47","86","133","54","79","133","49","84","133","58","75","133","51","81","132","54","80","134","54","78","134"
"1723",FEN1,FEN1,GUILFORD,,"41",74423.37903050000,"2093","691","2884","2015","791","2878","2064","817","2881","1977","826","2803","1882","951","2833","1976","886","2862","1966","888","2854","2045","819","2864","2090","791","2881","1977","877","2854","1992","880","2911"
"1724",FEN2,FEN2,GUILFORD,,"41",52353.24355250000,"911","749","1767","794","948","1778","825","959","1784","731","986","1717","632","1116","1748","702","1068","1770","710","1043","1753","807","958","1765","875","900","1775","723","1039","1762","761","1009","1798"
"1725",FF,FAIRFIELD,HYDE,,"48",339840.02391799999,"80","151","236","73","154","234","79","154","233","71","153","224","58","169","227","69","161","230","67","160","227","89","143","232","82","149","231","71","159","230","64","171","237"
"1726",FL,FLETCHER,HENDERSON,,"45",77680.02327310000,"1909","1415","3519","1659","1754","3524","1766","1762","3528","1607","1778","3385","1483","1929","3412","1612","1885","3497","1560","1921","3481","1692","1825","3517","1689","1819","3508","1585","1919","3504","1659","1848","3544"
"1745",G01,G01,GUILFORD,,"41",16317.59699710000,"748","58","833","728","73","829","752","76","828","725","70","795","692","106","798","735","91","826","732","90","822","742","81","823","754","78","832","740","85","825","744","76","839"
"1728",FORT 1,OLD FORT 1,MCDOWELL,,"59",176674.80799800000,"341","580","965","295","649","975","319","650","969","281","637","918","250","688","938","276","688","964","267","686","953","300","667","967","296","672","968","281","682","963","275","700","985"
"1729",FORT 2,OLD FORT 2,MCDOWELL,,"59",186343.93647200000,"531","821","1418","432","931","1424","471","950","1421","419","937","1356","396","966","1362","419","987","1406","413","974","1387","450","962","1412","446","961","1407","419","984","1403","431","996","1442"
"1748",G04,G04,GUILFORD,,"41",24730.72056100000,"1057","82","1179","1057","70","1171","1076","99","1175","1052","80","1132","1029","100","1129","1066","99","1165","1062","96","1158","1070","100","1170","1084","93","1177","1078","95","1173","1057","115","1188"
"1730",FP03,FP03,NEW HANOVER,,"65",197149.72869500000,"860","603","1548","733","790","1558","764","799","1563","657","837","1494","645","866","1511","693","857","1550","653","883","1536","740","810","1550","754","796","1550","641","904","1545","720","853","1590"
"1731",FP04,FP04,NEW HANOVER,,"65",79521.09284390000,"2571","2245","5145","2182","2813","5154","2297","2875","5172","1957","2921","4878","1916","3041","4957","2033","3085","5118","1916","3144","5060","2178","2950","5128","2206","2901","5107","1924","3183","5107","2121","3072","5240"
"1754",G10,G10,GUILFORD,,"41",38048.19110130000,"1553","301","1934","1536","340","1939","1571","357","1928","1546","346","1892","1462","430","1892","1537","380","1917","1538","384","1922","1560","363","1923","1598","329","1927","1556","367","1923","1523","409","1960"
"1755",G10A,STONEY POINT 2-G10,CUMBERLAND,,"26",67140.09818859999,"2209","1448","3845","2009","1755","3864","2027","1826","3853","1934","1756","3690","1882","1851","3733","1958","1866","3824","1904","1891","3795","2069","1778","3847","2054","1784","3838","1940","1888","3828","1989","1881","3913"
"1732",FP06,FP06,NEW HANOVER,,"65",50312.78033900000,"1755","1410","3393","1501","1790","3413","1546","1867","3413","1365","1874","3239","1338","1938","3276","1433","1957","3390","1363","2002","3365","1491","1909","3400","1495","1894","3389","1360","2016","3376","1428","2020","3486"
"1733",FP07,FP07,NEW HANOVER,,"65",59352.27641740000,"2335","1968","4598","1969","2547","4636","2070","2579","4649","1763","2618","4381","1755","2689","4444","1882","2697","4579","1764","2765","4529","1967","2629","4596","1997","2592","4589","1797","2779","4576","1897","2796","4732"
"1759",G11B,MANCHESTER-G11,CUMBERLAND,,"26",275283.09220999997,"760","752","1659","736","800","1648","786","863","1649","713","798","1511","687","812","1499","760","859","1619","723","884","1607","780","859","1639","757","868","1625","736","892","1628","768","916","1705"
"1736",FR1,FR1,GUILFORD,,"41",44316.55256280001,"2344","762","3267","2235","952","3283","2286","987","3273","2177","989","3166","2086","1080","3166","2206","1038","3244","2185","1055","3240","2269","988","3257","2304","954","3258","2176","1077","3253","2191","1080","3324"
"1760",G12,G12,GUILFORD,,"41",20561.83204150000,"761","99","897","747","129","895","759","137","896","721","141","862","673","195","868","725","164","889","732","157","889","749","141","890","767","128","895","729","159","888","734","144","900"
"1737",FR2,FR2,GUILFORD,,"41",37202.08041100001,"1247","581","1936","1085","807","1934","1134","803","1937","1022","841","1863","941","953","1894","1010","899","1909","1006","898","1904","1118","803","1921","1164","768","1932","1006","904","1910","1073","860","1972"
"1761",G13,G13,GUILFORD,,"41",22649.03992190000,"916","193","1160","859","263","1152","880","270","1150","817","289","1106","755","365","1120","828","306","1134","826","310","1136","868","271","1139","881","268","1149","822","316","1138","860","283","1159"
"1746",G02,G02,GUILFORD,,"41",24149.00016000000,"715","276","1039","705","294","1036","723","313","1036","705","296","1001","668","333","1001","707","322","1029","685","341","1026","712","319","1031","732","302","1034","702","328","1030","701","349","1067"
"1762",G14,G14,GUILFORD,,"41",12358.57646310000,"832","150","1015","786","214","1020","794","222","1016","749","227","976","685","310","995","739","263","1002","735","261","996","787","221","1008","805","212","1017","745","255","1000","770","233","1024"
"1763",G15,G15,GUILFORD,,"41",24801.02560280000,"932","180","1154","878","250","1152","900","251","1151","813","281","1094","763","360","1123","819","312","1131","827","308","1135","884","255","1139","913","238","1151","837","303","1140","870","268","1154"
"1747",G03,G03,GUILFORD,,"41",33437.25737440000,"989","101","1129","985","104","1129","1003","123","1126","995","101","1096","959","136","1095","1014","110","1124","998","121","1119","1005","115","1120","1008","119","1127","996","124","1120","1002","126","1137"
"1749",G05,G05,GUILFORD,,"41",19694.82549820000,"867","51","944","877","46","942","886","57","943","881","40","921","856","63","919","885","52","937","877","56","933","879","55","934","899","44","943","880","54","934","878","66","958"
"1764",G16,G16,GUILFORD,,"41",19227.40475620000,"1001","244","1289","876","380","1277","913","376","1289","796","432","1228","681","582","1263","773","497","1270","791","467","1258","892","381","1273","939","341","1280","794","462","1256","879","412","1304"
"1750",G06,G06,GUILFORD,,"41",45226.02098600000,"969","67","1051","972","52","1045","959","83","1042","962","51","1013","936","80","1016","969","68","1037","965","74","1039","970","64","1034","987","59","1046","968","74","1042","959","81","1060"
"1765",G17,G17,GUILFORD,,"41",30705.97813550000,"1085","361","1509","975","489","1508","1015","495","1510","929","514","1443","840","637","1477","910","580","1490","907","573","1480","998","497","1495","1048","462","1510","924","565","1489","963","540","1522"
"1751",G07,G07,GUILFORD,,"41",30782.74728890000,"1070","307","1445","1044","340","1443","1069","366","1435","1024","352","1376","995","408","1403","1051","373","1424","1039","393","1432","1059","368","1427","1089","352","1441","1045","385","1430","1040","407","1466"
"1752",G08,G08,GUILFORD,,"41",56141.73041590000,"1268","306","1644","1233","327","1635","1271","370","1641","1204","364","1568","1162","432","1594","1213","413","1626","1228","396","1624","1251","372","1623","1275","362","1637","1229","396","1625","1226","417","1671"
"1753",G09,G09,GUILFORD,,"41",27602.87418720000,"1736","322","2158","1737","346","2160","1777","370","2147","1725","360","2085","1683","421","2104","1742","394","2136","1719","416","2135","1750","389","2139","1764","377","2141","1722","420","2142","1710","436","2178"
"1756",G10B,HOPE MILLS 4-G10,CUMBERLAND,,"26",37642.94162850000,"1141","792","2050","1066","883","2027","1096","939","2035","1023","902","1925","1010","945","1955","1065","948","2013","1039","957","1996","1105","916","2021","1085","931","2016","1054","953","2007","1055","1004","2085"
"1757",G10C,STONEY POINT 1-G10,CUMBERLAND,,"26",73067.63818640000,"1516","1324","3001","1362","1544","2992","1410","1594","3004","1296","1545","2841","1244","1599","2843","1332","1613","2945","1265","1661","2926","1410","1569","2979","1371","1591","2962","1316","1638","2954","1350","1689","3070"
"1758",G11,G11,GUILFORD,,"41",19546.47026120000,"1118","156","1333","1066","231","1331","1085","244","1329","1015","254","1269","952","339","1291","1002","316","1318","1001","313","1314","1075","246","1321","1087","235","1322","1011","307","1318","1047","261","1332"
"1768",G1A,CROSS CREEK 02-G1,CUMBERLAND,,"26",82568.38113990000,"901","352","1340","887","407","1346","915","425","1340","869","429","1298","848","446","1294","874","463","1337","869","458","1327","910","429","1339","894","442","1336","888","445","1333","880","468","1366"
"1769",G1B,JUDSON-VANDER-G1,CUMBERLAND,,"26",171960.28138900001,"1435","1495","3081","1289","1704","3082","1354","1737","3091","1228","1755","2983","1195","1807","3002","1249","1823","3072","1221","1834","3055","1370","1713","3083","1317","1747","3064","1264","1801","3065","1270","1830","3135"
"1770",G1G2,GWALTNEY 1 2,ALEXANDER,,"2",198573.96956100001,"266","997","1310","239","1031","1302","256","1047","1303","223","1030","1253","203","1072","1275","221","1074","1295","214","1076","1290","241","1056","1297","250","1041","1291","226","1060","1286","205","1106","1322"
"1772",G21,G21,GUILFORD,,"41",33650.78930780000,"1877","545","2542","1610","872","2546","1674","874","2548","1475","967","2442","1306","1179","2485","1422","1086","2508","1439","1046","2485","1647","890","2537","1735","804","2539","1474","1026","2500","1629","931","2595"
"1773",G22,G22,GUILFORD,,"41",21722.98604720000,"1031","403","1530","808","726","1563","846","721","1567","713","774","1487","610","922","1532","703","830","1533","701","813","1514","832","720","1552","957","617","1574","715","809","1524","817","768","1600"
"1777",G26,G26,GUILFORD,,"41",42654.98790480000,"2072","403","2579","1981","533","2577","2029","546","2575","1938","554","2492","1831","669","2500","1962","598","2560","1933","621","2554","2017","553","2570","2036","544","2580","1930","627","2557","1968","608","2611"
"1778",G27,G27,GUILFORD,,"41",25232.13770650000,"1669","669","2449","1465","941","2454","1538","921","2459","1367","990","2357","1234","1158","2392","1338","1080","2418","1352","1046","2398","1481","952","2433","1578","868","2446","1365","1056","2421","1431","1014","2474"
"1781",G2A,CROSS CREEK 09-G2,CUMBERLAND,,"26",41245.18562390000,"2262","713","3121","2201","824","3126","2246","878","3124","2142","842","2984","2110","877","2987","2194","900","3094","2150","936","3086","2253","858","3111","2222","881","3103","2188","918","3106","2208","918","3173"
"1790",G35,G35,GUILFORD,,"41",21433.45488520000,"813","207","1061","720","330","1065","749","322","1071","662","367","1029","617","435","1052","640","410","1050","652","398","1050","727","335","1062","774","293","1067","668","391","1059","714","355","1079"
"1782",G2C-1,CROSS CREEK 23-G2C-1,CUMBERLAND,,"26",45702.61648280000,"1365","619","2100","1287","729","2100","1352","751","2103","1269","729","1998","1243","776","2019","1309","787","2096","1289","795","2084","1352","751","2103","1329","763","2092","1291","804","2095","1287","803","2128"
"1793",G38,G38,GUILFORD,,"41",22538.18579870000,"1387","397","1886","1264","573","1894","1308","580","1888","1198","609","1807","1069","759","1828","1182","676","1858","1194","653","1847","1283","587","1870","1323","562","1885","1189","669","1858","1239","640","1919"
"1784",G2E-2,WESTAREA-G2E-2,CUMBERLAND,,"26",54005.05173550000,"1259","243","1577","1250","266","1562","1269","290","1559","1238","260","1498","1223","269","1492","1263","281","1544","1239","290","1529","1277","275","1552","1265","285","1550","1250","297","1547","1266","297","1587"
"1791",G36,G36,GUILFORD,,"41",28690.03013080000,"1094","286","1440","984","414","1440","1012","425","1437","930","438","1368","864","528","1392","916","496","1412","921","485","1406","1023","404","1427","1038","394","1432","948","476","1424","1003","438","1453"
"1792",G37,G37,GUILFORD,,"41",25784.25632800000,"1362","279","1725","1302","357","1723","1341","379","1720","1269","377","1646","1199","459","1658","1278","428","1706","1257","444","1701","1322","396","1718","1334","377","1711","1278","433","1711","1301","426","1760"
"1797",G3B,CROSS CREEK 11-G3,CUMBERLAND,,"26",34116.11872040000,"429","303","768","417","312","758","425","331","756","406","312","718","411","319","730","420","331","751","410","334","744","445","308","753","421","327","748","418","329","747","415","362","784"
"1798",G3C,PEARCES MILL 3-G3,CUMBERLAND,,"26",105816.74162099999,"494","427","966","433","509","972","446","522","968","416","517","933","410","529","939","432","532","964","419","536","955","469","494","963","444","515","959","432","523","955","418","558","982"
"1799",G40A1,G40A1,GUILFORD,,"41",37325.13003330001,"937","404","1404","827","528","1399","854","545","1399","779","566","1345","700","654","1354","768","614","1382","768","608","1376","840","546","1386","881","510","1391","772","611","1383","830","577","1428"
"1800",G40A2,G40A2,GUILFORD,,"41",27830.77030530000,"760","188","997","667","316","1004","687","321","1008","621","341","962","561","419","980","609","374","983","614","365","979","681","317","998","702","299","1001","630","356","986","675","334","1023"
"1801",G40B,G40B,GUILFORD,,"41",24651.63795030000,"806","324","1192","701","473","1203","737","472","1209","670","492","1162","586","596","1182","639","558","1197","631","559","1190","720","478","1198","743","455","1198","647","550","1197","694","499","1212"
"1810",G47,G47,GUILFORD,,"41",22861.40937460000,"1474","217","1757","1459","245","1750","1475","265","1740","1436","245","1681","1389","301","1690","1459","281","1740","1450","281","1731","1473","253","1726","1488","254","1742","1450","281","1731","1444","292","1770"
"1802",G41A,G41A,GUILFORD,,"41",31375.48315000000,"797","280","1130","743","357","1139","769","373","1142","716","373","1089","662","430","1092","730","400","1130","707","415","1122","761","376","1137","767","361","1128","723","403","1126","737","412","1163"
"1811",G48,G48,GUILFORD,,"41",25473.17151510000,"2082","227","2385","1999","326","2385","2048","338","2386","1953","347","2300","1859","442","2301","1953","404","2357","1969","385","2354","2029","329","2358","2048","329","2377","1967","387","2354","2009","379","2419"
"1803",G41B,G41B,GUILFORD,,"41",36336.34856590000,"1101","473","1659","979","636","1665","1018","646","1664","913","674","1587","816","798","1614","905","730","1635","911","720","1631","994","656","1650","1046","607","1653","921","714","1635","950","706","1682"
"1804",G42A,G42A,GUILFORD,,"41",28834.80997610000,"900","333","1298","794","481","1300","821","478","1299","725","523","1248","668","603","1271","729","560","1289","730","550","1280","809","488","1297","831","456","1287","740","537","1277","762","538","1313"
"1814",G4B,CROSS CREEK 20-G4,CUMBERLAND,,"26",29375.46670440000,"589","488","1152","541","555","1149","564","588","1152","517","583","1100","496","601","1097","529","614","1143","519","623","1142","589","559","1148","552","592","1144","553","592","1145","543","623","1176"
"1815",G4C,PEARCES MILL 4-G4,CUMBERLAND,,"26",28477.71523970000,"868","309","1232","843","342","1231","865","366","1231","831","347","1178","805","367","1172","845","368","1213","830","379","1209","860","365","1225","844","373","1217","839","380","1219","840","384","1246"
"1817",G51,G51,GUILFORD,,"41",26931.49312850000,"850","299","1207","825","339","1210","845","357","1202","816","333","1149","790","383","1173","825","375","1200","829","367","1196","850","350","1200","850","354","1204","828","367","1195","815","397","1235"
"1818",G52,G52,GUILFORD,,"41",29210.74984820000,"985","134","1161","992","121","1156","1002","146","1148","991","119","1110","962","154","1116","996","146","1142","996","148","1144","1006","145","1151","1011","132","1143","1011","140","1151","1010","156","1178"
"1819",G53,G53,GUILFORD,,"41",38776.24505470000,"1703","131","1887","1715","125","1884","1717","161","1878","1698","143","1841","1649","186","1835","1702","167","1869","1702","167","1869","1721","151","1872","1738","149","1887","1716","163","1879","1693","178","1896"
"1820",G54,G54,GUILFORD,,"41",24779.83135690000,"1338","136","1526","1336","140","1528","1353","168","1521","1320","153","1473","1276","199","1475","1337","176","1513","1333","184","1517","1356","162","1518","1365","159","1524","1338","183","1521","1335","182","1539"
"1825",G59,G59,GUILFORD,,"41",26026.79927930000,"746","179","969","743","179","963","753","210","963","735","197","932","703","227","930","739","217","956","738","215","953","757","198","955","760","198","958","738","215","953","727","238","983"
"1896",H05,H05,NEW HANOVER,,"65",49370.49573890000,"1818","1268","3289","1475","1719","3276","1578","1731","3309","1315","1807","3122","1274","1892","3166","1365","1890","3255","1299","1899","3198","1492","1778","3270","1501","1746","3247","1300","1936","3236","1435","1895","3362"
"1826",G5A-1,AUMAN-G5A-1,CUMBERLAND,,"26",31977.69600540000,"1321","380","1796","1288","427","1784","1338","448","1786","1290","437","1727","1250","465","1715","1302","467","1769","1280","483","1763","1327","457","1784","1316","460","1776","1296","476","1772","1312","486","1823"
"1827",G5A-2,AUMAN-G5A-2,CUMBERLAND,,"26",61302.52799060000,"1093","490","1642","1053","555","1646","1084","563","1647","1037","557","1594","1013","578","1591","1047","581","1628","1038","582","1620","1087","552","1639","1070","566","1636","1052","578","1630","1061","589","1668"
"1828",G5B-1,CROSS CREEK 28-G5B-1,CUMBERLAND,,"26",30613.77526250000,"1617","246","1945","1606","272","1943","1619","311","1930","1585","275","1860","1565","299","1864","1630","302","1932","1595","317","1912","1642","292","1934","1605","321","1926","1619","316","1935","1621","320","1970"
"1830",G5C,BRENTWOOD-G5,CUMBERLAND,,"26",29764.38223900000,"917","312","1302","867","384","1298","891","402","1293","835","394","1229","822","412","1234","867","416","1283","853","420","1273","895","401","1296","869","417","1286","861","428","1289","863","431","1310"
"1897",H06,H06,NEW HANOVER,,"65",34873.00410000000,"1434","1030","2663","1279","1270","2650","1310","1330","2640","1145","1341","2486","1139","1377","2516","1220","1390","2610","1135","1442","2577","1284","1334","2618","1256","1354","2610","1151","1451","2602","1177","1494","2706"
"1831",G60,G60,GUILFORD,,"41",40054.75181180000,"945","251","1240","927","270","1233","959","278","1237","922","274","1196","879","321","1200","919","303","1222","911","306","1217","935","283","1218","949","284","1233","920","305","1225","910","333","1262"
"1846",G72,G72,GUILFORD,,"41",35811.08540330000,"1508","139","1705","1514","125","1701","1537","162","1699","1525","135","1660","1470","174","1644","1534","160","1694","1529","160","1689","1524","159","1683","1549","149","1698","1538","158","1696","1522","176","1727"
"1847",G73,G73,GUILFORD,,"41",23494.44195870000,"911","36","976","909","41","979","921","53","974","907","42","949","891","58","949","914","52","966","914","55","969","919","46","965","927","49","976","911","56","967","904","64","980"
"1849",G75,G75,GUILFORD,,"41",54512.24183320000,"1085","107","1221","1085","109","1225","1104","114","1218","1078","108","1186","1042","143","1185","1091","123","1214","1088","121","1209","1096","116","1212","1112","106","1218","1082","130","1212","1081","130","1229"
"1850",G7A,BLACK RIVER-G7,CUMBERLAND,,"26",196656.36197800000,"293","678","1014","250","733","1018","260","753","1013","241","745","986","223","766","989","230","781","1011","245","758","1003","288","723","1011","256","750","1006","253","758","1011","239","772","1025"
"1852",G8A,CUMBERLAND 4-G8,CUMBERLAND,,"26",42216.76381680000,"1563","669","2361","1490","790","2364","1521","852","2373","1449","807","2256","1397","856","2253","1465","884","2349","1449","886","2335","1535","836","2371","1509","849","2358","1468","891","2359","1476","898","2404"
"1853",G8B,CUMBERLAND 1A-G8,CUMBERLAND,,"26",46013.65091520000,"1171","766","2061","1091","880","2051","1127","921","2048","1047","887","1934","1041","915","1956","1078","953","2031","1062","955","2017","1115","928","2043","1109","923","2032","1070","960","2030","1099","974","2095"
"1892",H03,H03,GUILFORD,,"41",43975.08830330000,"641","227","920","634","251","933","652","273","925","627","273","900","601","286","887","632","283","915","623","286","909","646","270","916","656","264","920","626","289","915","628","313","959"
"1854",G8C,CUMBERLAND 3-G8,CUMBERLAND,,"26",42181.76381690000,"922","514","1546","891","586","1546","924","627","1551","889","585","1474","863","612","1475","895","642","1537","878","646","1524","923","618","1541","903","634","1537","897","641","1538","901","644","1572"
"1855",G8D,HOPE MILLS 1A-G8,CUMBERLAND,,"26",58588.28347590000,"1077","863","2067","1003","972","2049","1029","1019","2048","965","993","1958","949","1017","1966","991","1040","2031","960","1052","2012","1034","1005","2039","1008","1030","2038","991","1041","2032","988","1096","2103"
"1898",H06,H06,GUILFORD,,"41",40157.87243280001,"1410","624","2145","1339","723","2140","1387","746","2133","1301","751","2052","1243","823","2066","1321","791","2112","1299","800","2099","1367","747","2114","1414","703","2117","1292","817","2109","1310","823","2183"
"1857",G9B-1,HOPE MILLS 2-G9B-1,CUMBERLAND,,"26",102124.71877599999,"1662","1289","3110","1530","1481","3109","1558","1563","3121","1505","1508","3013","1453","1549","3002","1506","1591","3097","1491","1580","3071","1574","1523","3097","1531","1558","3089","1518","1575","3093","1508","1621","3158"
"1858",G9B-2,HOPE MILLS 2-G9B-2,CUMBERLAND,,"26",96646.63764610000,"1925","1421","3540","1754","1649","3537","1829","1719","3548","1709","1646","3355","1672","1719","3391","1757","1756","3513","1734","1761","3495","1843","1689","3532","1824","1690","3514","1783","1729","3512","1737","1802","3584"
"1859",GALATI,GALATIA,NORTHAMPTON,,"66",179070.83250100000,"204","206","422","201","204","414","202","214","416","199","210","409","182","230","412","190","227","417","191","223","414","211","203","414","198","215","413","197","218","415","193","231","426"
"1860",GAPL,GARYSBURG/PLEASA_PLEASANT HILL,NORTHAMPTON,,"66",288072.97993400000,"1028","202","1249","1023","194","1239","1027","202","1229","1021","193","1214","994","222","1216","1017","220","1237","1026","212","1238","1038","202","1240","1027","211","1238","1029","208","1237","1015","227","1255"
"1861",GARL,GARLAND,SAMPSON,,"82",273004.49807400000,"468","378","882","434","411","873","445","422","867","408","384","792","401","446","847","421","430","851","422","421","843","457","408","865","449","401","850","423","419","842","445","465","916"
"1862",GASTON,GASTON,NORTHAMPTON,,"66",171678.53972900001,"1133","477","1651","1093","507","1639","1115","519","1634","1089","510","1599","1046","543","1589","1094","545","1639","1093","535","1628","1126","511","1637","1127","511","1638","1099","526","1625","1106","554","1673"
"1899",H07,H07,GUILFORD,,"41",28252.58591220000,"689","87","815","693","91","821","695","122","817","686","99","785","680","106","786","689","118","807","686","121","807","692","114","806","714","103","817","694","117","811","714","118","839"
"1863",GB,GRADY BROWN,ORANGE,,"68",65178.62928510000,"2871","750","3758","2689","980","3765","2763","988","3751","2589","1025","3614","2487","1169","3656","2612","1110","3722","2603","1096","3699","2725","1017","3742","2747","977","3724","2622","1097","3719","2706","1054","3821"
"1864",GB12,GUM BRANCH,ONSLOW,,"67",214974.15579500000,"1525","2339","4167","1306","2623","4132","1380","2731","4111","1214","2652","3866","1141","2781","3922","1262","2805","4067","1179","2848","4027","1374","2730","4104","1398","2662","4060","1206","2839","4045","1269","2983","4293"
"1865",GC09,GREEN CREEK,POLK,,"75",174480.68517899999,"796","1274","2175","718","1390","2177","756","1417","2173","688","1396","2084","676","1429","2105","697","1452","2149","674","1467","2141","720","1436","2156","732","1423","2155","688","1456","2144","698","1499","2209"
"1866",GCK,GREENS CREEK,JACKSON,,"50",90741.09398570000,"433","423","896","370","490","892","398","492","890","364","484","848","334","526","860","346","538","884","346","535","881","379","512","891","378","512","890","361","520","881","345","540","894"
"1867",GCRK,GRAPE CREEK,CHEROKEE,,"20",162059.53118600001,"68","294","381","67","309","389","70","318","388","65","308","373","59","315","374","67","319","386","62","326","388","71","318","389","72","317","389","65","318","383","63","321","392"
"1868",GIB,GIB,GUILFORD,,"41",52472.18194390000,"1246","979","2354","1096","1179","2351","1149","1200","2349","1043","1209","2252","953","1336","2289","1041","1277","2318","1041","1267","2308","1125","1190","2315","1177","1153","2330","1053","1263","2316","1070","1296","2392"
"1869",GIDD,GIDDENSVILLE,SAMPSON,,"82",310675.10353000002,"430","392","851","391","433","847","415","427","842","385","430","815","354","482","836","374","464","838","374","453","827","419","425","844","409","426","835","385","444","829","392","478","875"
"1870",GILEA,GILEAD,BEAUFORT,,"7",123433.32842599999,"782","943","1814","643","1189","1862","652","1214","1866","569","1234","1803","521","1305","1826","578","1266","1844","536","1286","1822","676","1175","1851","666","1182","1848","551","1287","1838","609","1256","1879"
"1871",GL,GLENWOOD,ORANGE,,"68",33946.88077630000,"1730","200","1992","1618","340","1980","1633","352","1985","1515","389","1904","1473","464","1937","1520","439","1959","1504","440","1944","1616","358","1974","1591","366","1957","1484","477","1961","1625","369","2016"
"1872",GLENWD,GLENWOOD,MCDOWELL,,"59",146284.41407699999,"416","1043","1523","323","1157","1525","332","1191","1523","300","1157","1457","258","1208","1466","284","1219","1503","274","1221","1495","332","1180","1512","330","1179","1509","299","1204","1503","290","1237","1542"
"1873",GLIS,GLISSON,DUPLIN,,"31",150516.97609099999,"137","404","559","113","427","556","115","442","557","90","436","526","86","455","541","108","443","551","92","457","549","131","421","552","125","425","550","92","457","549","97","457","561"
"1874",GLV,GLENVILLE,JACKSON,,"50",253441.23615000001,"543","805","1421","436","954","1415","460","964","1424","412","959","1371","394","992","1386","410","997","1407","400","1006","1406","460","958","1418","437","969","1406","414","993","1407","420","1007","1435"
"1875",GM,GRIMESDALE,HENDERSON,,"45",66381.89230789999,"553","508","1132","480","607","1139","511","625","1136","467","592","1059","441","653","1094","483","640","1123","468","653","1121","510","623","1133","499","630","1129","474","650","1124","493","650","1153"
"1877",GR,GREEN RIVER,HENDERSON,,"45",236354.37211299999,"706","1368","2164","560","1573","2180","599","1571","2170","529","1582","2111","507","1618","2125","528","1629","2157","512","1633","2145","562","1616","2178","582","1594","2176","521","1639","2160","553","1616","2189"
"1880",GR,GR,GUILFORD,,"41",132096.74023000000,"613","1544","2285","479","1728","2290","519","1774","2293","407","1794","2201","333","1920","2253","368","1912","2280","401","1865","2266","509","1761","2270","579","1704","2283","397","1870","2267","424","1883","2325"
"1881",GR06,GRADY,PENDER,,"71",271537.30980599998,"589","574","1209","564","608","1206","577","629","1206","534","637","1171","514","657","1171","545","655","1200","535","653","1188","560","639","1199","547","643","1190","534","657","1191","530","681","1224"
"1882",GRAPEV,GRAPEVINE,MADISON,,"57",115231.73552500000,"370","481","894","341","522","885","346","534","880","313","528","841","311","551","862","325","557","882","313","562","875","335","553","888","335","546","881","319","555","874","306","584","904"
"1900",H08,H08,GUILFORD,,"41",18313.76245780000,"504","79","616","522","69","614","534","77","611","518","68","586","502","81","583","530","82","612","520","87","607","522","84","606","533","84","617","535","81","616","529","92","632"
"1901",H08,H08,NEW HANOVER,,"65",59655.54428110000,"2942","2113","5388","2382","2889","5414","2490","2943","5433","2140","3042","5182","2071","3147","5218","2204","3146","5350","2072","3223","5295","2399","2977","5376","2468","2899","5367","2101","3236","5337","2286","3189","5516"
"1883",GROVER,GROVER,CLEVELAND,,"23",122660.64375300000,"680","1667","2464","588","1825","2459","600","1868","2468","568","1842","2410","534","1874","2408","555","1898","2453","552","1887","2439","580","1877","2457","630","1817","2447","564","1891","2455","536","1955","2502"
"1884",GULL,GULLEDGE,ANSON,,"4",164276.34130700000,"401","305","728","397","311","729","398","336","734","396","307","703","380","335","715","388","340","728","387","343","730","400","325","725","406","323","729","398","330","728","381","352","738"
"1886",H,HILLSBOROUGH,ORANGE,,"68",38916.02173610001,"1114","107","1244","1076","156","1247","1099","147","1246","1038","171","1209","993","228","1221","1043","191","1234","1043","189","1232","1095","149","1244","1089","149","1238","1029","201","1230","1083","159","1250"
"1887",H01,H01,GUILFORD,,"41",40296.15558740000,"834","288","1196","818","322","1192","855","346","1201","813","340","1153","783","365","1148","820","369","1189","816","374","1190","853","336","1189","831","361","1192","829","362","1191","829","395","1240"
"1902",H09,H09,GUILFORD,,"41",26570.01227260000,"680","78","803","691","85","804","700","100","800","699","85","784","675","98","773","693","101","794","687","110","797","683","115","798","712","98","810","696","111","807","705","117","836"
"1888",H01,H01,NEW HANOVER,,"65",27401.29368650000,"719","469","1263","634","578","1264","655","606","1261","584","596","1180","576","621","1197","618","630","1248","586","653","1239","646","607","1253","626","623","1249","592","652","1244","614","650","1286"
"1889",H02,H02,NEW HANOVER,,"65",53086.58590930000,"2084","1491","3798","1612","2195","3867","1680","2196","3876","1427","2309","3736","1354","2387","3741","1452","2355","3807","1360","2403","3763","1630","2205","3835","1584","2220","3804","1388","2417","3805","1628","2278","3923"
"1890",H02,H02,GUILFORD,,"41",31415.93515660000,"712","388","1168","617","507","1168","661","514","1175","590","532","1122","552","586","1138","597","559","1156","588","563","1151","638","526","1164","663","502","1165","594","564","1158","602","564","1189"
"1904",H10,H10,GUILFORD,,"41",34104.53540150000,"1445","220","1725","1427","225","1711","1455","260","1715","1415","241","1656","1391","269","1660","1426","266","1692","1425","269","1694","1439","259","1698","1457","251","1708","1426","274","1700","1435","291","1749"
"1905",H11,H11,NEW HANOVER,,"65",109459.37690700000,"2890","2169","5409","2461","2781","5398","2593","2809","5402","2297","2839","5136","2238","2918","5156","2396","2944","5340","2253","3030","5283","2470","2886","5356","2508","2841","5349","2263","3048","5311","2396","3047","5507"
"1906",H11,H11,GUILFORD,,"41",21053.10904770000,"892","237","1182","874","273","1184","898","284","1182","875","277","1152","848","289","1137","883","289","1172","862","299","1161","882","283","1165","900","276","1176","883","294","1177","898","326","1236"
"1893",H04,H04,GUILFORD,,"41",68018.30836900002,"1001","636","1758","968","713","1753","1006","742","1748","937","745","1682","903","791","1694","936","805","1741","939","794","1733","967","769","1736","975","763","1738","938","799","1737","902","852","1797"
"1907",H12,H12,GUILFORD,,"41",19815.31019180000,"635","204","882","631","223","882","639","239","878","613","223","836","590","259","849","614","251","865","616","252","868","635","241","876","642","235","877","620","247","867","627","252","895"
"1908",H12,H12,NEW HANOVER,,"65",139091.46583100001,"1762","1398","3352","1429","1858","3380","1523","1860","3383","1276","1933","3209","1241","2025","3266","1331","2003","3334","1222","2075","3297","1444","1908","3352","1469","1882","3351","1239","2101","3340","1412","2000","3437"
"1894",H04,H04,NEW HANOVER,,"65",49047.52743480000,"2042","1172","3395","1688","1620","3397","1773","1641","3414","1530","1688","3218","1474","1788","3262","1572","1781","3353","1504","1796","3300","1734","1643","3377","1717","1635","3352","1513","1823","3336","1651","1778","3463"
"1895",H05,H05,GUILFORD,,"41",36695.76981970000,"1032","220","1334","1029","243","1322","1068","254","1322","1019","249","1268","994","271","1265","1036","274","1310","1025","286","1311","1048","264","1312","1054","268","1322","1028","280","1308","1040","314","1379"
"1903",H10,H10,NEW HANOVER,,"65",43442.02996000000,"2019","1124","3342","1835","1414","3338","1884","1451","3335","1720","1447","3167","1694","1501","3195","1760","1528","3288","1707","1567","3274","1858","1454","3312","1853","1452","3305","1732","1556","3288","1788","1568","3402"
"1909",H13,H13,NEW HANOVER,,"65",46068.78513640000,"2515","1727","4503","2037","2425","4545","2107","2464","4571","1859","2540","4399","1807","2607","4414","1900","2588","4488","1788","2664","4452","2041","2481","4522","2044","2444","4488","1820","2668","4488","2020","2567","4631"
"1910",H13,H13,GUILFORD,,"41",25151.47805200000,"822","459","1363","686","631","1365","725","645","1370","641","668","1309","577","752","1329","642","715","1357","633","708","1341","722","635","1357","774","588","1362","619","730","1349","689","680","1388"
"1911",H14,H14,GUILFORD,,"41",22059.19878430000,"684","426","1191","539","635","1217","562","652","1214","495","666","1161","424","758","1182","479","723","1202","469","723","1192","563","649","1212","616","595","1211","479","718","1197","521","686","1227"
"1912",H15,H15,GUILFORD,,"41",26931.77498480000,"921","439","1439","809","582","1441","855","582","1437","789","585","1374","729","644","1373","782","632","1414","785","623","1408","840","582","1422","876","544","1420","781","640","1421","798","649","1472"
"1921",H22,H22,GUILFORD,,"41",31815.87071740000,"600","301","984","543","403","997","583","411","994","520","428","948","496","463","959","545","444","989","525","454","979","566","420","986","590","400","990","533","447","980","541","452","1013"
"1922",H23,H23,GUILFORD,,"41",34623.43547970000,"558","446","1075","505","546","1090","521","564","1085","464","580","1044","405","662","1067","456","620","1076","445","630","1075","497","578","1075","552","531","1083","462","611","1073","481","606","1106"
"1925",H26,H26,GUILFORD,,"41",40142.65227760000,"981","557","1642","888","707","1637","919","732","1651","837","745","1582","763","829","1592","827","804","1631","839","788","1627","899","727","1626","967","667","1634","826","804","1630","864","773","1664"
"1926",H27-A,H27-A,GUILFORD,,"41",29148.61676490000,"1074","536","1700","950","700","1709","1000","704","1704","895","728","1623","817","838","1655","895","782","1677","870","802","1672","982","708","1690","1011","683","1694","886","799","1685","952","739","1737"
"1927",H27-B,H27-B,GUILFORD,,"41",28913.45096390000,"1032","531","1641","935","645","1642","956","676","1632","901","663","1564","838","733","1571","879","736","1615","882","726","1608","942","678","1620","974","645","1619","880","732","1612","892","734","1667"
"1928",H28,H28,GUILFORD,,"41",50092.88163980000,"1518","634","2237","1383","806","2236","1428","809","2237","1333","820","2153","1235","940","2175","1322","883","2205","1321","874","2195","1401","819","2220","1438","791","2229","1309","895","2204","1370","875","2268"
"1932",HAIS,HARKERS ISLAND,CARTERET,,"16",231234.93493799999,"216","625","878","182","676","876","189","693","882","161","703","864","147","720","867","163","714","877","154","717","871","189","691","880","178","696","874","155","720","875","162","725","896"
"1929",H29A,H29A,GUILFORD,,"41",45844.47301460000,"1339","460","1912","1253","578","1896","1294","608","1902","1206","606","1812","1145","684","1829","1236","640","1876","1214","658","1872","1290","601","1891","1312","577","1889","1223","656","1879","1230","647","1920"
"1933",HAL,HALIFAX,HALIFAX,,"42",324676.63924599998,"636","224","875","623","230","865","632","232","864","621","232","853","596","262","858","610","254","864","615","250","865","659","215","874","634","232","866","627","235","862","626","255","887"
"1934",HALL,HALLSVILLE,DUPLIN,,"31",196986.62620900001,"369","604","1023","337","657","1025","369","655","1024","336","644","980","305","677","982","322","688","1010","319","680","999","363","657","1020","358","648","1006","331","678","1009","321","708","1039"
"1935",HANG,HANGING DOG,CHEROKEE,,"20",209653.93670200001,"112","503","631","100","513","630","103","528","631","96","510","606","98","519","617","99","529","628","95","531","626","100","528","628","90","534","624","96","526","622","91","537","637"
"1936",HARR,HARRELLS,SAMPSON,,"82",348963.74923299998,"750","417","1209","729","435","1196","746","447","1193","727","432","1159","687","493","1180","727","465","1192","703","478","1181","741","454","1195","750","439","1189","722","456","1178","724","484","1218"
"1937",HAT,HATTERAS,DARE,,"28",144156.19849300000,"160","249","427","138","269","423","136","285","421","130","267","397","113","293","406","129","286","415","126","290","416","152","272","424","154","272","426","128","286","414","138","295","437"
"1938",HAY1,HAYESVILLE ONE,CLAY,,"22",105456.87872100000,"254","673","963","244","682","960","246","706","952","235","677","912","222","703","925","232","717","949","231","716","947","248","706","954","253","694","947","238","704","942","244","727","977"
"1939",HAY2,HAYESVILLE TWO,CLAY,,"22",107524.52985200001,"381","854","1277","351","880","1262","361","898","1259","333","871","1204","320","899","1219","342","909","1251","332","909","1241","362","888","1250","366","883","1249","337","908","1245","353","946","1306"
"1940",HAYC,HAYESVILLE CENTRAL,CLAY,,"22",55852.01017980000,"91","254","355","85","248","342","88","255","343","79","258","337","77","266","343","82","263","345","82","262","344","81","262","343","94","250","344","82","258","340","82","273","360"
"1941",HB,HUNTERS BRIDGE,BEAUFORT,,"7",214617.38016000000,"118","492","626","95","517","628","101","526","627","92","513","605","69","538","607","97","523","620","85","538","623","116","508","624","111","512","623","86","535","621","83","547","633"
"1942",HC,HOOPERS CREEK,HENDERSON,,"45",140654.72948499999,"1365","1345","2831","1179","1579","2824","1233","1594","2827","1116","1613","2729","1060","1704","2764","1111","1696","2807","1089","1715","2804","1172","1646","2818","1163","1644","2807","1118","1686","2804","1172","1663","2861"
"1943",HC33,HOWARDS CREEK,LINCOLN,,"55",132439.08579000001,"774","2046","2989","671","2230","2985","709","2284","2993","615","2275","2890","563","2325","2888","604","2367","2971","570","2384","2954","665","2311","2976","671","2300","2971","613","2355","2968","561","2427","3019"
"1930",H29B,H29B,GUILFORD,,"41",53265.59443550000,"1508","489","2109","1423","611","2114","1454","658","2112","1361","643","2004","1300","728","2028","1365","717","2082","1370","704","2074","1431","656","2087","1433","658","2091","1373","706","2079","1408","711","2146"
"1931",HA,HAZELWOOD,HAYWOOD,,"44",26131.86470640000,"450","352","851","409","416","847","413","428","841","388","414","802","369","450","819","396","444","840","377","455","832","415","430","845","402","437","839","382","453","835","389","459","858"
"1974",IR,IRONWORKS,ROCKINGHAM,,"79",177035.29211800001,"715","1442","2262","567","1620","2262","611","1656","2267","518","1664","2182","380","1869","2249","507","1727","2234","478","1741","2219","608","1635","2243","656","1585","2241","498","1733","2231","521","1775","2309"
"1975",IR,INDIAN RIDGE,CURRITUCK,,"27",184297.68087099999,"234","814","1094","212","821","1084","231","850","1081","209","818","1027","192","848","1040","210","865","1075","206","854","1060","248","831","1079","226","847","1073","216","857","1073","224","874","1105"
"1976",IS20,IRON STATION SOUTH,LINCOLN,,"55",92691.73447390000,"377","987","1452","296","1105","1446","322","1119","1441","262","1128","1390","245","1153","1398","266","1172","1438","263","1169","1432","305","1135","1440","293","1139","1432","260","1178","1438","264","1190","1465"
"1977",IS23,IRON STATION,LINCOLN,,"55",129519.83997800000,"717","1395","2239","608","1571","2242","655","1588","2243","558","1590","2148","530","1637","2167","587","1641","2228","562","1657","2219","625","1603","2228","614","1608","2222","560","1665","2225","555","1694","2274"
"1944",HE,HillsboroughEast,ORANGE,,"68",54756.77635570000,"1365","330","1744","1263","444","1750","1297","457","1754","1195","500","1695","1148","573","1721","1219","527","1746","1207","524","1731","1318","426","1744","1294","436","1730","1200","538","1738","1252","483","1764"
"1945",HERR,HERRING,SAMPSON,,"82",120592.88238800000,"101","488","601","77","526","606","88","513","601","59","517","576","49","551","600","58","537","595","64","523","587","84","510","594","95","495","590","60","529","589","56","553","612"
"1989",JEF1,JEF1,GUILFORD,,"41",130221.57221100001,"1500","1025","2631","1378","1203","2639","1413","1214","2627","1328","1233","2561","1211","1389","2600","1323","1297","2620","1308","1303","2611","1393","1228","2621","1475","1153","2628","1323","1290","2613","1340","1292","2666"
"1990",JEF2,JEF2,GUILFORD,,"41",111469.41312600000,"1484","543","2112","1423","637","2120","1472","647","2119","1397","652","2049","1321","758","2079","1392","727","2119","1406","700","2106","1439","667","2106","1496","622","2118","1408","700","2108","1408","710","2149"
"1946",HF,HOGAN FARMS,ORANGE,,"68",69309.24600420000,"2247","234","2543","2098","376","2522","2139","384","2523","2008","413","2421","1947","499","2446","2036","450","2486","1996","464","2460","2132","368","2500","2100","387","2487","2002","491","2493","2146","380","2561"
"1947",HIAW,HIAWASSEE,CLAY,,"22",95796.97905730001,"371","855","1275","337","922","1289","349","928","1277","317","915","1232","301","947","1248","312","956","1268","299","966","1265","338","940","1278","335","936","1271","315","951","1266","333","943","1288"
"1948",HIGGIN,HIGGINS,MCDOWELL,,"59",101833.16895399999,"315","865","1242","249","935","1232","270","968","1238","228","954","1182","210","974","1184","238","989","1227","226","994","1220","263","970","1233","235","980","1215","219","1003","1222","233","1007","1247"
"1949",HIWA,HIWASSEE DAM,CHEROKEE,,"20",266812.91775199998,"371","1372","1800","352","1387","1783","362","1429","1791","336","1406","1742","320","1411","1731","340","1446","1786","325","1454","1779","354","1436","1790","333","1448","1781","330","1453","1783","347","1455","1815"
"1993",K1,KINSTON -1,LENOIR,,"54",27231.69589450000,"317","8","337","322","6","341","334","6","340","323","7","330","322","5","327","327","10","337","325","11","336","332","11","343","327","14","341","328","10","338","339","5","351"
"1950",HLWY,HOLLOWAY,PERSON,,"73",119107.84525200000,"289","557","891","251","602","875","252","631","883","213","637","850","183","678","861","221","641","862","212","639","851","264","612","876","242","627","869","211","658","869","215","680","904"
"1952",HM05,HALF MOON,ONSLOW,,"67",106214.47053300000,"1488","1663","3347","1308","1850","3314","1404","1918","3322","1278","1848","3126","1216","1902","3118","1321","1938","3259","1266","1978","3244","1371","1918","3289","1354","1915","3269","1255","2001","3256","1322","2080","3433"
"1953",HN14,HAWS RUN,ONSLOW,,"67",192323.66757600001,"618","1300","2058","527","1418","2043","563","1468","2031","507","1406","1913","468","1484","1952","523","1486","2009","472","1532","2004","553","1472","2025","553","1454","2007","480","1522","2002","495","1604","2125"
"1954",HO,HOGANS,ROCKINGHAM,,"79",187564.93998500000,"610","1117","1811","500","1248","1811","532","1284","1816","461","1264","1725","388","1389","1777","453","1343","1796","429","1361","1790","525","1284","1809","552","1257","1809","461","1333","1794","466","1357","1837"
"1955",HOL,HOLLISTER,HALIFAX,,"42",292364.66759899998,"1205","169","1391","1185","185","1392","1195","194","1389","1183","186","1369","1161","206","1367","1185","208","1393","1178","208","1386","1195","186","1381","1195","194","1389","1196","188","1384","1180","217","1401"
"1956",HOOK,Voting District 00HOOK,GREENE,,"40",98437.37942750000,"262","298","580","249","316","588","258","326","584","236","332","568","221","349","570","245","339","584","230","351","581","274","313","587","267","318","585","247","337","584","225","357","586"
"1957",HOT SP,HOT SPRINGS,MADISON,,"57",207850.45947300000,"298","304","646","270","350","647","285","359","644","259","360","619","248","379","627","262","382","644","259","378","637","281","360","641","271","367","638","271","366","637","244","408","664"
"1958",HOTH,HOT HOUSE,CHEROKEE,,"20",152779.06629799999,"274","925","1241","269","935","1238","260","979","1239","263","949","1212","245","968","1213","255","982","1237","249","985","1234","272","965","1237","261","970","1231","257","974","1231","255","979","1244"
"1959",HPR,HOBGOOD,HALIFAX,,"42",295609.66179699998,"397","222","637","382","252","637","384","248","632","369","254","623","356","272","628","369","268","637","366","267","633","394","239","633","388","251","639","362","261","623","369","267","641"
"1960",HR17,HOLLY RIDGE,ONSLOW,,"67",216874.83087400001,"1035","1737","3011","845","1988","2981","920","2057","2977","738","1999","2737","713","2064","2777","783","2108","2891","705","2169","2874","844","2108","2952","830","2086","2916","714","2192","2906","802","2278","3109"
"1961",HS,HORSE SHOE,HENDERSON,,"45",86513.70112010000,"1217","914","2222","1020","1185","2247","1056","1188","2244","955","1196","2151","909","1278","2187","948","1276","2224","911","1294","2205","1022","1207","2229","1017","1214","2231","952","1272","2224","1020","1222","2256"
"1963",HTOP,HTOP,VANCE,,"91",61228.23151330000,"348","139","494","328","154","493","344","145","489","332","149","481","327","158","485","324","160","484","322","157","479","348","143","491","335","149","484","335","154","489","332","162","496"
"1964",HU,HUNTSVILLE,ROCKINGHAM,,"79",200200.92018300001,"1121","2377","3698","871","2689","3682","990","2693","3683","803","2724","3527","668","2939","3607","811","2833","3644","763","2858","3621","930","2735","3665","988","2683","3671","788","2850","3638","808","2929","3764"
"1965",HU20,HUBERT,ONSLOW,,"67",123994.27775500000,"836","1700","2756","688","1902","2736","741","1970","2711","619","1911","2530","574","1987","2561","659","2034","2693","596","2078","2674","708","2006","2714","718","1983","2701","609","2081","2690","615","2162","2806"
"1966",HV,HARRELLSVILLE,HERTFORD,,"46",198266.50821700000,"258","294","564","258","289","560","260","297","557","256","291","547","242","306","548","256","301","557","251","300","551","268","293","561","255","295","550","256","298","554","266","307","576"
"1994",K2,KINSTON-2,LENOIR,,"54",18918.89555690000,"442","28","488","448","19","487","451","34","485","451","24","475","431","34","465","445","33","478","435","37","472","451","32","483","451","31","482","450","33","483","463","34","503"
"1967",HV-1,HENDERSONVILLE-1,HENDERSON,,"45",50694.37925250000,"1322","536","1944","1178","721","1946","1225","713","1938","1140","732","1872","1075","818","1893","1141","780","1921","1115","800","1915","1194","737","1931","1184","742","1926","1140","781","1921","1206","727","1961"
"1968",HV-2,HENDERSONVILLE-2,HENDERSON,,"45",120434.20292000000,"1194","542","1815","1095","684","1827","1109","711","1820","1038","709","1747","1025","744","1769","1074","738","1812","1037","770","1807","1105","721","1826","1085","735","1820","1056","756","1812","1093","707","1830"
"1969",HV-3,HENDERSONVILLE-3,HENDERSON,,"45",47800.66918330000,"1220","602","1907","1140","722","1915","1163","748","1911","1094","739","1833","1048","785","1833","1108","791","1899","1095","798","1893","1164","741","1905","1130","766","1896","1100","800","1900","1138","756","1923"
"1970",I,INSTITUTE,LENOIR,,"54",111820.57290699999,"530","808","1377","483","855","1369","505","869","1374","459","877","1336","418","925","1343","453","911","1364","448","907","1355","511","857","1368","518","845","1363","447","919","1366","461","927","1399"
"1971",ID,IRON DUFF,HAYWOOD,,"44",88784.11477710000,"424","395","851","355","472","841","361","490","851","346","481","827","296","536","832","335","505","840","324","510","834","356","493","849","345","499","844","336","503","839","337","518","861"
"1972",IH,IVY HILL,HAYWOOD,,"44",188260.75506299999,"1629","1555","3359","1386","1901","3376","1441","1933","3374","1324","1931","3255","1207","2071","3278","1303","2037","3340","1282","2041","3323","1396","1957","3353","1376","1958","3334","1298","2040","3338","1342","2025","3417"
"1973",INGO,INGOLD,SAMPSON,,"82",326167.61804500001,"409","401","842","395","420","837","399","435","834","398","409","807","368","449","817","386","441","827","383","438","821","408","422","830","406","424","830","383","434","817","406","454","863"
"1979",IW,INDIAN WOODS,BERTIE,,"8",193995.87692800001,"202","27","231","205","23","233","205","24","229","197","21","218","197","25","222","203","27","230","196","29","225","205","24","229","201","26","227","203","22","225","203","25","233"
"1981",JA01,JACKSONVILLE,ONSLOW,,"67",392385.17984900001,"1106","1641","3014","1015","1763","2954","1049","1865","2914","949","1730","2679","947","1788","2735","1007","1864","2871","953","1898","2851","1055","1844","2899","987","1881","2868","949","1908","2857","1014","2130","3178"
"1995",K3,KINSTON-3,LENOIR,,"54",31421.00998650000,"643","116","798","633","131","796","649","139","788","614","144","758","614","151","765","626","151","777","614","161","775","650","139","789","635","156","791","639","145","784","653","162","820"
"1982",JAM1,JAM1,GUILFORD,,"41",59660.34563500000,"1384","789","2279","1178","1039","2285","1233","1059","2292","1060","1109","2169","943","1275","2218","1059","1188","2247","1057","1172","2229","1205","1055","2260","1275","985","2260","1087","1150","2237","1162","1141","2333"
"1983",JAM2,JAM2,GUILFORD,,"41",39341.28030760000,"929","513","1517","820","658","1520","857","665","1522","771","684","1455","708","774","1482","768","737","1505","756","739","1495","833","674","1507","899","620","1519","778","731","1509","797","737","1558"
"1984",JAM3,JAM3,GUILFORD,,"41",48646.75093270000,"1060","596","1742","905","814","1760","953","808","1761","846","834","1680","770","939","1709","849","894","1743","835","897","1732","947","802","1749","981","772","1753","855","880","1735","883","873","1778"
"2006",KI,KNOTTS ISLAND,CURRITUCK,,"27",129815.06799300000,"173","634","850","161","657","846","158","685","843","149","658","807","145","669","814","148","686","834","153","678","831","166","674","840","164","676","840","152","689","841","160","705","874"
"1985",JAM4,JAM4,GUILFORD,,"41",87406.67401000000,"1320","1028","2471","1109","1315","2484","1148","1343","2491","1016","1381","2397","922","1528","2450","1005","1449","2454","986","1466","2452","1128","1342","2470","1212","1269","2481","1020","1436","2456","1061","1443","2531"
"1986",JAM5,JAM5,GUILFORD,,"41",122337.07977900001,"346","733","1140","297","810","1147","300","843","1143","272","850","1122","236","892","1128","268","871","1139","266","871","1137","304","836","1140","323","817","1140","270","866","1136","255","900","1168"
"1987",JARE,JACKSON/REHOBOTH,NORTHAMPTON,,"66",215563.22288099999,"364","230","620","339","250","608","345","263","608","324","260","584","296","306","602","314","294","608","322","280","602","365","247","612","348","261","609","338","261","599","325","293","621"
"1988",JC,JONATHAN CREEK,HAYWOOD,,"44",130002.15519700000,"1239","1332","2730","1076","1555","2721","1128","1596","2724","1007","1590","2597","912","1728","2640","1008","1688","2696","978","1706","2684","1079","1625","2704","1034","1668","2702","1006","1685","2691","1047","1703","2775"
"1991",JEF3,JEF3,GUILFORD,,"41",61019.52611900000,"2622","446","3172","2590","512","3169","2625","530","3155","2557","517","3074","2447","655","3102","2556","583","3139","2549","579","3128","2629","506","3135","2638","515","3153","2586","551","3137","2549","585","3173"
"1992",JEF4,JEF4,GUILFORD,,"41",88989.11906690002,"959","654","1674","874","754","1667","915","758","1673","855","777","1632","777","886","1663","833","828","1661","851","808","1659","899","764","1663","956","719","1675","852","807","1659","851","821","1690"
"1996",K4,KINSTON-4,LENOIR,,"54",34183.90262460000,"1226","622","1932","1129","768","1950","1167","790","1957","1039","850","1889","1004","886","1890","1055","880","1935","1031","874","1905","1210","734","1944","1168","767","1935","1052","886","1938","1080","875","1974"
"1997",K5,KINSTON-5,LENOIR,,"54",19054.49139590000,"797","154","988","782","186","999","809","194","1003","766","197","963","742","216","958","787","213","1000","766","217","983","817","186","1003","796","202","998","778","219","997","775","219","1014"
"1998",K6,KINSTON-6,LENOIR,,"54",50868.43040170000,"1052","179","1265","1064","178","1276","1067","202","1269","1061","190","1251","1032","208","1240","1057","206","1263","1045","210","1255","1076","190","1266","1086","189","1275","1063","203","1266","1066","209","1287"
"1999",K7,KINSTON-7,LENOIR,,"54",112145.24390500000,"911","183","1127","917","199","1142","929","210","1139","916","200","1116","891","222","1113","917","217","1134","906","219","1125","938","199","1137","922","212","1134","912","224","1136","922","224","1153"
"2000",K8,KINSTON-8,LENOIR,,"54",30099.16660540000,"556","24","595","567","12","591","566","25","591","561","16","577","562","16","578","571","17","588","564","25","589","568","22","590","571","21","592","572","18","590","567","27","600"
"2001",K9,KINSTON-9,LENOIR,,"54",66168.48901160000,"1100","326","1472","1069","378","1484","1096","387","1483","1050","395","1445","1016","418","1434","1056","415","1471","1042","418","1460","1117","366","1483","1096","376","1472","1066","410","1476","1062","416","1489"
"2002",KDH,KILL DEVIL HILLS,DARE,,"28",106881.07011000000,"2198","2396","4805","2102","2510","4765","2129","2607","4736","1982","2499","4481","1911","2647","4558","2020","2683","4703","1934","2734","4668","2140","2575","4715","2077","2637","4714","1960","2707","4667","2070","2755","4876"
"2003",KEEN,KEENER,SAMPSON,,"82",232866.43458400000,"324","595","954","267","645","940","285","656","941","243","642","885","224","705","929","242","692","934","250","672","922","296","634","930","280","650","930","260","662","922","255","719","981"
"2004",KENA,KENANSVILLE,DUPLIN,,"31",323698.18021000002,"1167","985","2227","1121","1045","2225","1175","1048","2223","1107","1054","2161","1042","1138","2180","1087","1126","2213","1079","1112","2191","1209","1013","2222","1167","1039","2206","1101","1105","2206","1110","1155","2283"
"2005",KFRK,KITTY FORK,SAMPSON,,"82",176346.70869800000,"540","752","1348","492","816","1341","507","819","1326","469","818","1287","434","890","1324","464","857","1321","461","851","1312","527","804","1331","524","795","1319","469","845","1314","461","907","1378"
"2007",KINGST,KINGST,CLEVELAND,,"23",93279.04317510000,"385","226","633","373","260","643","375","264","639","352","267","619","349","274","623","353","279","632","359","274","633","372","269","641","372","263","635","358","275","633","361","283","649"
"2008",KITT,KITT,VANCE,,"91",178056.26421699999,"1244","1380","2688","1136","1493","2686","1159","1522","2681","1091","1509","2600","1017","1612","2629","1092","1549","2641","1089","1542","2631","1210","1453","2663","1131","1515","2646","1097","1549","2646","1101","1617","2737"
"2009",KM,KINGS MILL,ORANGE,,"68",61107.71588440000,"1628","139","1838","1560","251","1848","1576","270","1846","1485","295","1780","1423","367","1790","1502","320","1822","1480","345","1825","1564","271","1835","1559","265","1824","1475","353","1828","1568","266","1854"
"2010",KM N,KM N,CLEVELAND,,"23",94398.02552340001,"1465","1997","3644","1295","2274","3658","1400","2262","3662","1274","2270","3544","1190","2345","3535","1254","2370","3624","1224","2377","3601","1341","2292","3633","1367","2256","3623","1248","2367","3615","1253","2449","3725"
"2011",KM S,KM S,CLEVELAND,,"23",95229.45015740000,"1420","1754","3352","1303","1990","3368","1373","1991","3364","1236","2009","3245","1199","2067","3266","1256","2088","3344","1205","2114","3319","1309","2046","3355","1340","2013","3353","1232","2110","3342","1240","2162","3422"
"2015",LASKER,LASKER,NORTHAMPTON,,"66",115981.02917700000,"56","121","184","53","131","189","56","128","184","48","128","176","45","142","187","50","135","185","51","132","183","61","125","186","53","131","184","49","133","182","43","145","191"
"2016",LATT,LATT,CLEVELAND,,"23",154329.21876300001,"608","1398","2111","508","1567","2125","543","1583","2126","473","1572","2045","438","1630","2068","456","1643","2099","452","1635","2087","514","1596","2110","527","1578","2105","464","1635","2099","476","1682","2171"
"2017",LAUREL,LAUREL,MADISON,,"57",273164.84761900001,"248","413","687","213","440","679","227","454","681","210","435","645","205","457","662","206","474","680","210","457","667","229","448","677","221","450","671","216","455","671","195","503","703"
"2018",LAWNDL,LAWNDL,CLEVELAND,,"23",137932.59152300001,"568","680","1299","518","749","1308","539","766","1305","489","774","1263","475","799","1274","495","797","1292","485","791","1276","527","773","1300","523","767","1290","495","794","1289","503","828","1336"
"2019",LB,LIBERTY,RANDOLPH,,"76",103761.27293900000,"860","1156","2107","731","1322","2109","761","1346","2107","680","1361","2041","598","1468","2066","671","1426","2097","658","1418","2076","757","1349","2106","798","1308","2106","679","1419","2098","691","1445","2154"
"2020",LB34,LABORATORY,LINCOLN,,"55",96820.90735430000,"572","1463","2190","478","1635","2188","512","1662","2174","438","1674","2112","441","1687","2128","457","1721","2178","439","1731","2170","497","1683","2180","495","1677","2172","449","1733","2182","415","1787","2216"
"2037",LOCK,LOCKLIN,DUPLIN,,"31",105565.33108000000,"81","181","281","71","208","285","72","214","286","65","213","278","62","219","281","71","216","287","70","214","284","72","213","285","76","212","288","65","219","284","62","223","287"
"2038",LOCU,LOCUST HILL,CASWELL,,"17",216010.44189399999,"839","665","1549","797","701","1530","815","712","1527","777","710","1487","738","786","1524","785","744","1529","785","735","1520","816","717","1533","839","702","1541","789","739","1528","796","779","1583"
"2039",LP,LAUREL PARK,HENDERSON,,"45",85252.86756580000,"1058","476","1599","935","627","1593","964","618","1582","892","638","1530","851","699","1550","884","690","1574","870","695","1565","937","651","1588","934","652","1586","886","688","1574","948","637","1604"
"2040",LR,LITTLE RIVER,TRANSYLVANIA,,"88",115264.49080100001,"588","690","1352","494","834","1360","511","844","1355","482","824","1306","447","882","1329","470","883","1353","457","891","1348","514","847","1361","497","858","1355","472","889","1361","477","868","1367"
"2021",LC,LEVEL CROSS,RANDOLPH,,"76",103394.02761200001,"472","1295","1869","361","1458","1872","393","1487","1880","330","1475","1805","285","1564","1849","330","1528","1858","319","1530","1849","377","1498","1875","414","1450","1864","337","1524","1861","342","1563","1913"
"2054",M06,M06,NEW HANOVER,,"65",26039.07255210000,"1351","945","2428","1160","1220","2429","1227","1223","2450","1072","1260","2332","993","1355","2348","1105","1312","2417","1034","1353","2387","1179","1245","2424","1183","1224","2407","1031","1384","2415","1119","1347","2486"
"2022",LC09,LONG CREEK,PENDER,,"71",162353.14746199999,"442","766","1290","382","869","1290","386","901","1287","358","886","1244","348","905","1253","377","913","1290","362","911","1273","390","898","1288","388","885","1273","352","930","1282","364","947","1323"
"2023",LEAS,LEASBURG,CASWELL,,"17",150172.73552300001,"227","225","479","216","245","483","223","255","478","210","248","458","203","265","468","214","261","475","211","258","469","227","249","476","229","245","474","218","255","473","210","268","486"
"2024",LI,LINCOLN,ROCKINGHAM,,"79",223303.93081200001,"866","1979","3006","724","2192","3014","796","2211","3007","688","2218","2906","598","2376","2974","670","2318","2988","659","2299","2958","776","2220","2996","829","2161","2990","701","2281","2982","670","2370","3057"
"2025",LI14,LITHIA,LINCOLN,,"55",49840.63764060000,"449","688","1196","382","780","1197","400","798","1198","344","795","1139","333","826","1159","336","850","1186","333","842","1175","390","799","1189","391","792","1183","339","839","1178","346","862","1218"
"2026",LI65,LINDEN,CUMBERLAND,,"26",186472.86416100000,"1123","1523","2814","945","1753","2814","1014","1803","2817","933","1756","2689","878","1830","2708","935","1857","2792","926","1858","2784","1056","1755","2811","977","1817","2794","950","1844","2794","944","1910","2872"
"2027",LILE,LILESVILLE,ANSON,,"4",307288.36798400001,"943","615","1602","932","629","1595","934","668","1602","900","656","1556","885","684","1569","900","690","1590","900","686","1586","939","661","1600","928","667","1595","912","672","1584","911","693","1615"
"2028",LIT,LITTLE RIVER,MONTGOMERY,,"62",160664.85985199999,"95","356","469","72","383","473","85","386","471","70","383","453","56","405","461","71","395","466","74","390","464","88","380","468","103","365","468","74","391","465","66","412","479"
"2029",LIT,LITTLETON,HALIFAX,,"42",192162.16058800000,"1244","859","2177","1144","990","2183","1165","1017","2182","1110","1029","2139","1076","1070","2146","1109","1074","2183","1111","1071","2182","1199","984","2183","1167","1014","2181","1120","1061","2181","1118","1080","2214"
"2030",LJ,LONG JOHN MOUNTAIN,HENDERSON,,"45",62863.11749510000,"1075","631","1791","942","817","1797","960","844","1804","882","833","1715","845","905","1750","891","889","1780","877","901","1778","934","856","1790","931","859","1790","887","897","1784","943","835","1807"
"2031",LJ,LAKE JUNALUSKA,HAYWOOD,,"44",57709.84843330000,"955","614","1632","848","744","1631","854","780","1634","821","764","1585","742","864","1606","817","813","1630","794","830","1624","867","763","1630","840","789","1629","822","809","1631","826","809","1655"
"2032",LK-2,LEAKSVILLE  2,ROCKINGHAM,,"79",91566.16401209999,"1069","1315","2510","920","1506","2505","955","1542","2497","872","1525","2397","784","1659","2443","865","1622","2487","837","1624","2461","960","1529","2489","1010","1479","2489","876","1615","2491","877","1644","2539"
"2033",LL,LAKE LANDING,HYDE,,"48",517033.47544299997,"149","157","316","146","160","319","151","164","315","145","156","301","135","181","316","144","174","318","139","171","310","167","150","317","152","162","314","136","172","308","139","177","322"
"2034",LM,LEES MILL,WASHINGTON,,"94",289591.87138199998,"855","413","1289","821","454","1293","839","454","1293","802","462","1264","771","503","1274","819","478","1297","793","487","1280","859","433","1292","841","444","1285","812","479","1291","803","497","1305"
"2082",MHD1,MOREHEAD 1,CARTERET,,"16",63019.40102010000,"866","1040","2045","698","1295","2052","725","1331","2056","622","1343","1965","568","1426","1994","625","1415","2040","603","1419","2022","739","1308","2047","747","1294","2041","605","1432","2037","648","1422","2087"
"2035",LN11,LINCOLNTON/NORTH,LINCOLN,,"55",30499.37525900000,"643","549","1254","578","639","1256","598","660","1258","554","645","1199","532","682","1214","552","690","1242","545","691","1236","589","656","1245","590","655","1245","558","685","1243","550","714","1275"
"2036",LO66A,Long Hill,CUMBERLAND,,"26",128622.13753399999,"2076","1171","3390","1935","1342","3385","1970","1412","3382","1878","1352","3230","1831","1431","3262","1897","1449","3346","1867","1470","3337","2000","1377","3377","1952","1414","3366","1896","1466","3362","1922","1467","3429"
"2041",LR63,LAKE RIM,CUMBERLAND,,"26",39391.45191340000,"2427","641","3212","2365","690","3190","2422","769","3191","2361","684","3045","2320","732","3052","2406","760","3166","2369","782","3151","2434","751","3185","2413","757","3170","2391","778","3169","2405","802","3248"
"2042",LRSL,LITTLE RIVER AND SUGAR LOAF,ALEXANDER,,"2",211149.37654000000,"301","1199","1547","233","1271","1543","256","1283","1539","211","1268","1479","200","1323","1523","229","1306","1535","213","1316","1529","243","1292","1535","275","1254","1529","227","1292","1519","191","1360","1562"
"2043",LS12,LINCOLNTON/SOUTH,LINCOLN,,"55",36077.54129170000,"601","586","1258","544","678","1266","565","687","1252","524","677","1201","497","711","1208","521","727","1248","511","733","1244","570","683","1253","545","700","1245","517","733","1250","528","741","1283"
"2044",LT18,LOWER TOPSAIL,PENDER,,"71",291112.44174400001,"1789","2726","4850","1414","3308","4873","1488","3382","4870","1237","3389","4626","1215","3445","4660","1316","3512","4828","1224","3545","4769","1406","3427","4833","1455","3363","4818","1233","3584","4817","1323","3579","4949"
"2045",LTR,LITTLE RIVER,MOORE,,"63",234871.17527199999,"888","1450","2514","714","1707","2524","753","1770","2523","659","1720","2379","618","1794","2412","659","1830","2489","654","1815","2469","744","1748","2492","724","1766","2490","668","1817","2485","703","1839","2564"
"2046",LU16,LOWER UNION,PENDER,,"71",186438.87370900001,"292","589","927","234","663","920","263","665","928","219","675","894","203","692","895","227","690","917","211","696","907","230","686","916","234","681","915","212","706","918","219","718","942"
"2047",LW18,LOWESVILLE WEST,LINCOLN,,"55",75001.20824680000,"640","833","1568","557","978","1572","586","993","1579","514","1001","1515","504","1004","1508","520","1041","1561","518","1043","1561","540","1025","1565","533","1025","1558","500","1059","1559","530","1053","1602"
"2048",LW31,LOWESVILLE,LINCOLN,,"55",81962.06149199999,"2016","1966","4245","1636","2535","4274","1771","2514","4285","1503","2611","4114","1437","2687","4124","1479","2738","4217","1436","2779","4215","1633","2615","4248","1595","2634","4229","1469","2757","4226","1611","2689","4339"
"2049",M,MILLERS,ALEXANDER,,"2",111793.93928100000,"354","950","1375","304","1014","1373","324","1047","1371","290","1028","1318","258","1076","1334","280","1089","1369","274","1092","1366","302","1072","1374","316","1050","1366","282","1080","1362","259","1127","1394"
"2050",M.COVE,MONTFORD COVE,MCDOWELL,,"59",179543.23402599999,"331","938","1321","285","1014","1321","295","1033","1328","259","1024","1283","232","1057","1289","254","1062","1316","263","1046","1309","276","1040","1316","279","1036","1315","259","1049","1308","268","1074","1349"
"2051",M02,M02,NEW HANOVER,,"65",54518.13591820000,"3324","1834","5501","2795","2556","5505","2904","2612","5516","2505","2722","5227","2405","2908","5313","2562","2881","5443","2451","2926","5377","2832","2625","5457","2807","2658","5465","2457","2971","5428","2708","2804","5563"
"2052",M03,M03,NEW HANOVER,,"65",67864.07226780000,"3196","2085","5622","2707","2777","5645","2837","2824","5661","2458","2925","5383","2403","3037","5440","2568","3006","5574","2410","3115","5525","2708","2898","5606","2683","2893","5576","2419","3146","5565","2617","3082","5750"
"2053",M04,M04,NEW HANOVER,,"65",60369.53514800000,"3264","1868","5438","2809","2461","5425","2929","2512","5441","2583","2574","5157","2515","2690","5205","2685","2691","5376","2563","2743","5306","2849","2526","5375","2886","2490","5376","2594","2766","5360","2765","2699","5533"
"2055",M07,M07,NEW HANOVER,,"65",143143.33374500001,"1263","860","2251","1019","1183","2261","1090","1184","2274","911","1261","2172","876","1314","2190","936","1303","2239","890","1326","2216","1063","1196","2259","1033","1205","2238","887","1351","2238","986","1286","2303"
"2056",M1,MURFREESBORO 1,HERTFORD,,"46",108583.95973800001,"1041","408","1491","1040","417","1486","1036","442","1478","1013","416","1429","968","486","1454","999","466","1465","1004","447","1451","1071","410","1481","1051","429","1480","1030","445","1475","1040","456","1512"
"2057",M1,MITCHELLS 1,BERTIE,,"8",195386.15588300000,"243","281","531","247","284","538","244","293","537","239","287","526","231","295","526","237","294","531","235","289","524","248","285","533","245","288","533","236","295","531","233","304","544"
"2058",M2,MITCHELLS 2,BERTIE,,"8",119655.71551200000,"294","177","487","299","170","484","295","188","483","293","175","468","286","181","467","293","185","478","292","180","472","308","171","479","296","180","476","293","186","479","299","187","490"
"2059",M2,MURFREESBORO 2,HERTFORD,,"46",255746.98624000000,"531","234","785","538","230","782","535","243","778","534","228","762","526","245","771","522","248","770","523","240","763","545","233","778","539","240","779","536","242","778","527","257","791"
"2060",MA,MATRIMONY,ROCKINGHAM,,"79",265461.85860600002,"1067","2028","3238","891","2234","3220","932","2289","3221","818","2271","3089","740","2420","3160","817","2379","3196","814","2354","3168","949","2256","3205","964","2233","3197","832","2359","3191","828","2447","3295"
"2061",MAGN,MAGNOLIA,DUPLIN,,"31",191925.73692500000,"469","416","921","469","424","928","487","441","928","461","432","893","449","453","902","460","457","917","451","455","906","494","433","927","475","446","921","462","458","920","453","480","937"
"2062",MAR 1,MARION 1,MCDOWELL,,"59",162577.90674599999,"840","1335","2254","698","1492","2247","718","1541","2259","658","1504","2162","601","1582","2183","622","1601","2223","630","1580","2210","688","1543","2231","686","1536","2222","653","1563","2216","670","1619","2302"
"2063",MAR 2,MARION 2,MCDOWELL,,"59",37916.82766850000,"519","446","1017","487","504","1025","494","520","1014","470","499","969","447","532","979","466","536","1002","461","527","988","493","514","1007","490","519","1009","462","537","999","476","551","1036"
"2085",MHD4,MOREHEAD 4,CARTERET,,"16",74503.87018470000,"970","1362","2491","772","1689","2530","822","1706","2528","672","1751","2423","557","1893","2450","694","1811","2505","618","1858","2476","846","1679","2525","826","1686","2512","652","1852","2504","707","1826","2558"
"2064",MAR 3,MARION 3,MCDOWELL,,"59",48721.90332680000,"221","439","692","184","482","687","196","492","688","181","466","647","164","486","650","171","507","678","174","495","669","182","498","680","194","488","682","183","495","678","172","526","702"
"2065",MAR 4,MARION 4,MCDOWELL,,"59",59143.72333130000,"283","471","790","243","509","776","255","529","784","231","506","737","213","531","744","236","536","772","221","547","768","253","527","780","237","537","774","230","545","775","231","566","805"
"2066",MAR 5,MARION 5,MCDOWELL,,"59",41622.69111460000,"279","466","787","237","529","794","250","541","791","226","538","764","200","566","766","223","559","782","224","559","783","236","550","786","243","543","786","228","555","783","218","587","809"
"2067",MARB,MARBLE,CHEROKEE,,"20",153360.61945200001,"217","800","1058","201","833","1058","212","850","1062","194","828","1022","173","857","1030","184","869","1053","183","869","1052","206","856","1062","203","848","1051","186","866","1052","182","880","1072"
"2068",MARS H,MARS HILL,MADISON,,"57",130810.94952100000,"1581","1435","3153","1371","1728","3178","1451","1727","3178","1330","1720","3050","1239","1836","3075","1327","1819","3146","1302","1836","3138","1427","1743","3170","1396","1767","3163","1345","1803","3148","1301","1847","3188"
"2094",MON2B,MON2B,GUILFORD,,"41",34423.99332290000,"1039","315","1411","1000","356","1400","1023","378","1401","972","380","1352","906","463","1369","981","404","1385","984","396","1380","1016","374","1390","1030","370","1400","987","400","1387","993","407","1426"
"2095",MON3,MON3,GUILFORD,,"41",116104.26865100001,"2143","1807","4173","1868","2213","4180","1938","2255","4193","1758","2277","4035","1441","2717","4158","1740","2397","4137","1724","2397","4121","1889","2255","4144","2037","2127","4164","1745","2381","4126","1820","2390","4252"
"2069",MASM,MARSHALLBERG/SMYRNA,CARTERET,,"16",167193.00891400001,"207","310","549","172","365","551","175","378","553","154","372","526","142","398","540","157","393","550","146","391","537","190","361","551","183","362","545","157","385","542","162","402","570"
"2070",MATO,MANTEO,DARE,,"28",152640.32164800001,"1861","2014","4042","1683","2214","4020","1700","2309","4009","1585","2225","3810","1506","2376","3882","1572","2389","3961","1549","2376","3925","1760","2234","3994","1727","2235","3962","1572","2366","3938","1632","2416","4090"
"2071",MAUR,Voting District 00MAUR,GREENE,,"40",239826.53174100001,"519","623","1174","499","659","1176","517","659","1176","469","677","1146","433","713","1146","460","707","1167","448","704","1152","528","639","1167","534","636","1170","474","687","1161","469","712","1187"
"2072",MB62,MONTIBELLO,CUMBERLAND,,"26",43976.20992310001,"1368","392","1867","1346","436","1857","1375","478","1853","1338","437","1775","1315","460","1775","1372","477","1849","1346","487","1833","1383","471","1854","1376","475","1851","1364","485","1849","1373","477","1882"
"2073",MC,MCCOY,ROCKINGHAM,,"79",85712.97185610000,"1856","1487","3486","1641","1753","3479","1700","1781","3481","1520","1814","3334","1345","2083","3428","1528","1918","3446","1505","1916","3421","1706","1767","3473","1780","1688","3468","1564","1876","3440","1580","1925","3540"
"2075",MCRK,MILL CREEK,CARTERET,,"16",98489.89720900000,"79","316","414","56","342","411","68","344","412","54","342","396","46","356","402","59","349","408","51","351","402","64","343","407","64","346","410","49","356","405","57","357","418"
"2076",MERR,MERRIMON,CARTERET,,"16",230685.36420899999,"174","223","414","150","258","413","146","270","416","134","267","401","128","280","408","140","268","408","135","269","404","151","261","412","145","264","409","141","270","411","143","278","421"
"2077",MG,MOORES GROVE,HENDERSON,,"45",45464.45731390000,"393","471","921","338","550","917","347","573","920","319","566","885","310","580","890","329","586","915","331","584","915","344","576","920","333","583","916","321","592","913","327","584","927"
"2078",MH,MERRY HILL,BERTIE,,"8",274716.56764700002,"313","244","571","306","259","573","313","258","571","302","254","556","286","277","563","305","266","571","295","267","562","321","252","573","313","256","569","301","266","567","306","268","577"
"2079",MH,MOSELEY HALL,LENOIR,,"54",185212.49570299999,"1401","1229","2727","1308","1360","2734","1343","1386","2729","1254","1396","2650","1195","1476","2671","1269","1455","2724","1239","1467","2706","1369","1360","2729","1364","1349","2713","1270","1451","2721","1268","1488","2777"
"2588",W29,W29,NEW HANOVER,,"65",30012.08111910000,"1814","163","2059","1803","191","2061","1841","222","2063","1750","194","1944","1750","223","1973","1792","251","2043","1766","252","2018","1821","230","2051","1821","224","2045","1780","262","2042","1821","233","2079"
"2589",W30,W30,NEW HANOVER,,"65",72132.91604490000,"2475","1229","3950","2239","1599","3964","2277","1681","3958","2072","1688","3760","2016","1754","3770","2131","1776","3907","2061","1812","3873","2226","1691","3917","2229","1679","3908","2082","1823","3905","2168","1802","4027"
"2080",MH,MANNS HARBOR,DARE,,"28",340413.49413100001,"101","243","361","88","244","348","99","255","354","83","246","329","71","263","334","77","266","343","78","262","340","96","255","351","100","251","351","80","258","338","80","281","367"
"2081",MH,MT  HERMON,PASQUOTANK,,"70",184183.76862700001,"1623","1736","3473","1596","1774","3465","1638","1825","3463","1577","1749","3326","1501","1849","3350","1585","1859","3444","1551","1851","3402","1649","1807","3456","1639","1815","3454","1589","1854","3443","1582","1888","3508"
"2083",MHD2,MOREHEAD 2,CARTERET,,"16",56806.27958130000,"924","1053","2132","765","1279","2139","821","1322","2143","708","1316","2024","642","1415","2057","711","1403","2114","684","1402","2086","839","1303","2142","790","1336","2126","691","1417","2108","737","1437","2198"
"2084",MHD3,MOREHEAD 3,CARTERET,,"16",78878.90977590000,"1110","1372","2634","887","1698","2650","939","1711","2650","806","1738","2544","732","1833","2565","815","1810","2625","765","1839","2604","977","1663","2640","952","1682","2634","782","1840","2622","839","1831","2690"
"2086",MIDD,MIDD,VANCE,,"91",179035.86638699999,"1137","831","2037","1066","941","2029","1086","949","2035","1037","948","1985","980","1022","2002","1017","999","2016","1016","993","2009","1121","909","2030","1074","943","2017","1052","969","2021","1032","1013","2061"
"2087",MILT,MILTON,CASWELL,,"17",204121.69803999999,"823","578","1447","775","627","1436","800","627","1427","770","627","1397","714","719","1433","763","657","1420","753","665","1418","814","616","1430","823","613","1436","762","659","1421","774","686","1469"
"2088",MING,MINGO,SAMPSON,,"82",199744.45987699999,"551","1389","2006","481","1477","2009","521","1484","2005","455","1501","1956","428","1555","1983","449","1544","1993","440","1542","1982","555","1453","2008","533","1464","1997","464","1513","1977","453","1560","2026"
"2089",ML,MILLENNIUM,HERTFORD,,"46",120798.12129600000,"111","292","415","99","302","410","106","306","412","103","298","401","92","312","404","101","307","408","97","307","404","113","296","409","107","298","405","105","304","409","94","327","422"
"2090",ML23,MILLS,ONSLOW,,"67",214159.13002499999,"308","554","931","269","607","925","287","630","917","255","618","873","245","638","883","267","645","912","256","655","911","286","636","922","272","638","910","251","653","904","261","681","952"
"2091",MM,MORVEN/MCFARLAN,ANSON,,"4",178460.60449999999,"606","161","794","587","172","782","598","190","788","581","172","753","575","196","771","595","193","788","592","192","784","608","177","785","599","191","790","592","192","784","582","210","801"
"2590",W31,W31,NEW HANOVER,,"65",39447.25542050000,"2256","964","3420","1891","1447","3423","1993","1430","3423","1702","1524","3226","1620","1657","3277","1744","1630","3374","1693","1623","3316","1938","1446","3384","1943","1420","3363","1702","1653","3355","1896","1556","3498"
"2092",MON1,MON1,GUILFORD,,"41",60946.53616200000,"1992","561","2649","1922","632","2634","1973","670","2643","1899","661","2560","1800","787","2587","1934","694","2628","1891","723","2614","1958","659","2617","1990","642","2632","1917","700","2617","1912","731","2680"
"2093",MON2A,MON2A,GUILFORD,,"41",88124.65052400000,"1891","471","2454","1814","544","2438","1867","561","2428","1806","555","2361","1710","663","2373","1822","584","2406","1816","584","2400","1847","567","2414","1876","535","2411","1805","595","2400","1807","634","2473"
"2096",MR02,MORGANTON RD 2,CUMBERLAND,,"26",39071.22784930000,"1260","523","1877","1214","585","1873","1254","606","1860","1198","589","1787","1165","611","1776","1229","618","1847","1210","639","1849","1247","609","1856","1235","622","1857","1220","633","1853","1213","671","1918"
"2097",MRB-YO,MRB-YO,CLEVELAND,,"23",148010.91307700000,"323","869","1269","258","974","1273","290","982","1272","236","979","1215","216","1029","1245","239","1025","1264","226","1030","1256","260","1015","1275","279","981","1260","230","1034","1264","226","1059","1292"
"2098",MS,MOSS STREET,ROCKINGHAM,,"79",244901.95626300000,"3168","2341","5770","2950","2629","5781","3060","2700","5760","2897","2666","5563","2667","2997","5664","2910","2833","5743","2849","2845","5694","3071","2681","5752","3104","2649","5753","2903","2828","5731","2910","2886","5848"
"2110",N1,GEORGE STREET,CRAVEN,,"25",52959.35717590000,"1041","423","1545","951","569","1559","981","571","1552","897","594","1491","834","648","1482","879","654","1533","862","653","1515","967","577","1544","962","565","1527","882","659","1541","945","615","1589"
"2591",WAB,WEST ABERDEEN,MOORE,,"63",169284.11824800001,"1379","1316","2896","1230","1520","2875","1279","1597","2876","1156","1565","2721","1122","1631","2753","1154","1676","2830","1133","1676","2809","1293","1570","2863","1243","1599","2842","1164","1671","2835","1218","1689","2942"
"2592",WACO,WACO,CLEVELAND,,"23",146813.73527000000,"956","1446","2532","834","1648","2547","875","1676","2551","799","1674","2473","762","1710","2472","788","1742","2530","781","1726","2507","844","1693","2537","859","1679","2538","784","1738","2522","789","1774","2581"
"2593",WAD,WADEVILLE,MONTGOMERY,,"62",160971.94266700000,"170","119","302","158","136","309","168","141","309","153","137","290","147","147","294","160","146","306","154","148","302","162","144","306","167","141","308","162","143","305","155","151","308"
"2594",WADES,Wadesboro,ANSON,,"4",249987.23820699999,"2489","1289","3912","2416","1369","3901","2430","1480","3910","2375","1406","3781","2311","1504","3815","2334","1555","3889","2351","1521","3872","2472","1407","3879","2417","1474","3891","2376","1492","3868","2343","1576","3955"
"2595",WALL,WALLACE,DUPLIN,,"31",177208.46687100001,"1713","1592","3468","1562","1831","3482","1640","1846","3486","1509","1850","3359","1432","1951","3383","1495","1943","3438","1478","1932","3410","1652","1815","3467","1632","1820","3452","1508","1946","3454","1562","1961","3546"
"2596",WALNUT,WALNUT,MADISON,,"57",211800.48309699999,"471","530","1047","404","603","1044","425","625","1050","383","607","990","379","632","1011","392","643","1035","400","628","1028","421","623","1044","412","622","1034","388","646","1034","370","663","1060"
"2099",MT19,MIDDLE TOPSAIL,PENDER,,"71",95301.60705910000,"1376","1654","3229","1118","2020","3241","1159","2096","3255","1004","2108","3112","947","2191","3138","1020","2198","3218","954","2228","3182","1105","2130","3235","1130","2085","3215","958","2253","3211","1062","2212","3298"
"2100",MT24,MORTONS,ONSLOW,,"67",230717.45408299999,"520","1229","1893","411","1368","1876","448","1420","1868","366","1390","1756","344","1459","1803","391","1460","1851","343","1505","1848","428","1447","1875","438","1426","1864","353","1488","1841","377","1550","1939"
"2101",MTEN,Voting District 00MTEN,GRANVILLE,,"39",178991.42509599999,"1952","2017","4185","1735","2344","4190","1800","2392","4192","1652","2381","4033","1543","2529","4072","1654","2494","4148","1632","2506","4138","1842","2335","4177","1798","2370","4168","1658","2504","4162","1702","2503","4254"
"2102",MTG,MT GILEAD,MONTGOMERY,,"62",195129.96623699999,"728","399","1159","713","426","1163","721","444","1165","694","431","1125","671","457","1128","702","452","1154","682","459","1141","730","428","1158","725","426","1151","705","450","1155","705","470","1189"
"2597",WALS,Voting District 00WALS,GREENE,,"40",188552.51712700000,"361","385","774","354","390","768","365","404","769","337","403","740","313","435","748","337","430","767","331","424","755","379","387","766","370","389","759","349","411","760","341","448","791"
"2598",WAN,WANCHESE,DARE,,"28",133542.74406400000,"215","643","890","185","658","871","197","672","869","184","645","829","169","670","839","177","678","855","194","661","855","208","665","873","203","668","871","185","663","848","183","711","904"
"2599",WARN,WARNE,CLAY,,"22",98547.99142340000,"186","466","674","170","485","671","164","504","668","157","481","638","157","490","647","160","507","667","155","511","666","170","497","667","165","500","665","154","509","663","162","522","689"
"2600",WARS,WARSAW,DUPLIN,,"31",210394.32252399999,"1235","689","1996","1196","748","1998","1252","756","2008","1199","745","1944","1142","813","1955","1204","786","1990","1196","768","1964","1266","737","2003","1240","754","1994","1206","784","1990","1228","813","2061"
"2103",MTTZ,MT TIRZAH,PERSON,,"73",144685.52269799999,"757","1184","2030","654","1297","2022","691","1333","2024","619","1303","1922","565","1407","1972","609","1366","1975","605","1361","1966","737","1273","2010","667","1335","2002","645","1345","1990","615","1435","2072"
"2104",MULLS,MULLS,CLEVELAND,,"23",174242.80031699999,"364","1217","1638","296","1308","1642","331","1326","1657","271","1336","1607","242","1375","1617","257","1367","1624","254","1372","1626","302","1337","1639","304","1330","1634","265","1358","1623","271","1398","1675"
"2105",MURN,MURPHY NORTH,CHEROKEE,,"20",170183.40133800000,"442","1102","1607","439","1121","1600","449","1152","1601","425","1129","1554","388","1162","1550","419","1165","1584","404","1178","1582","437","1157","1594","428","1156","1584","417","1163","1580","408","1178","1609"
"2106",MURS,MURPHY SOUTH,CHEROKEE,,"20",195922.78945400001,"508","1270","1852","461","1320","1848","488","1366","1854","433","1342","1775","421","1368","1789","443","1401","1844","436","1399","1835","467","1380","1847","460","1381","1841","443","1396","1839","441","1407","1867"
"2121",NB04,BELVILLE 2,BRUNSWICK,,"10",54636.22547630000,"3236","2201","5737","2745","2888","5762","2830","2899","5729","2457","3040","5497","2410","3133","5543","2554","3126","5680","2432","3186","5618","2672","3027","5699","2679","2990","5669","2440","3231","5671","2674","3132","5850"
"2606",WB01,WACCAMAW,BRUNSWICK,,"10",442937.88529499999,"420","1041","1572","348","1162","1563","386","1174","1560","328","1176","1504","315","1204","1519","343","1214","1557","318","1222","1540","371","1197","1568","349","1197","1546","312","1232","1544","304","1292","1605"
"2108",N,NEUSE,LENOIR,,"54",180703.01072200001,"844","1325","2252","757","1449","2269","786","1479","2265","728","1475","2203","672","1541","2213","741","1507","2248","711","1514","2225","807","1440","2247","806","1412","2218","716","1524","2240","715","1566","2298"
"2109",N.COVE,NORTH COVE,MCDOWELL,,"59",183632.75340300001,"195","474","692","154","525","693","168","523","691","155","516","671","138","536","674","147","539","686","143","536","679","156","533","689","165","524","689","143","539","682","146","548","700"
"2111",N2,FORT TOTTEN,CRAVEN,,"25",47982.25165730000,"1159","280","1527","1152","328","1539","1162","371","1533","1132","345","1477","1097","379","1476","1146","380","1526","1129","375","1504","1178","357","1535","1165","365","1530","1144","381","1525","1170","379","1562"
"2142",NGHD,NAGS HEAD,DARE,,"28",226541.46165300001,"1185","956","2223","1064","1095","2207","1096","1115","2211","989","1105","2094","968","1157","2125","1009","1176","2185","987","1183","2170","1078","1114","2192","1058","1124","2182","981","1188","2169","1046","1181","2243"
"2143",NGRV,NEWTON GROVE,SAMPSON,,"82",184239.08091600001,"397","639","1074","338","707","1076","363","715","1078","313","725","1038","276","793","1069","308","761","1069","308","758","1066","395","684","1079","379","687","1066","322","729","1051","304","790","1101"
"2144",NH,NH,VANCE,,"91",221709.32154300000,"1433","994","2504","1366","1092","2522","1395","1123","2518","1320","1137","2457","1272","1199","2471","1313","1189","2502","1322","1160","2482","1428","1088","2516","1362","1138","2500","1366","1147","2513","1324","1200","2545"
"2112",N3N5,Glenburnie-Grover C,CRAVEN,,"25",63263.62897980000,"1625","865","2621","1528","991","2617","1591","1033","2624","1485","1023","2508","1407","1104","2511","1505","1086","2591","1461","1113","2574","1556","1050","2606","1533","1063","2596","1480","1106","2586","1516","1122","2668"
"2113",N4,H.J. MACDONALD,CRAVEN,,"25",95371.80455859999,"2015","1148","3324","1884","1297","3317","1969","1355","3324","1829","1329","3158","1762","1404","3166","1866","1417","3283","1826","1426","3252","1944","1359","3303","1937","1362","3299","1839","1444","3283","1888","1477","3400"
"2114",N6,WEST NEW BERN,CRAVEN,,"25",104933.74641800000,"1967","1542","3685","1747","1843","3696","1839","1857","3696","1647","1866","3513","1564","1988","3552","1675","1969","3644","1602","2002","3604","1794","1888","3682","1767","1888","3655","1647","1992","3639","1712","2022","3776"
"2115",NB,NEW BETHEL,ROCKINGHAM,,"79",207752.15530200000,"986","1932","3097","791","2230","3119","862","2258","3120","697","2286","2983","550","2523","3073","697","2397","3094","670","2403","3073","851","2239","3090","917","2176","3093","711","2374","3085","730","2413","3165"
"2116",NB,NORTH BLUE RIDGE,HENDERSON,,"45",111266.96877199999,"1151","1791","3112","943","2038","3098","1027","2089","3116","935","2059","2994","865","2163","3028","929","2168","3097","914","2172","3086","1014","2087","3101","995","2111","3106","925","2173","3098","942","2159","3128"
"2117",NB01,HOOD CREEK,BRUNSWICK,,"10",178190.31573400000,"776","697","1560","713","794","1546","731","823","1554","673","823","1496","643","854","1497","684","850","1534","653","870","1523","711","833","1544","700","831","1531","673","868","1541","694","885","1592"
"2118",NB02,LELAND,BRUNSWICK,,"10",173623.91787599999,"3716","2664","6790","3191","3419","6798","3246","3562","6808","2870","3649","6519","2844","3698","6542","2961","3712","6673","2846","3792","6638","3111","3630","6741","3022","3649","6671","2842","3862","6704","3102","3788","6950"
"2119",NB02,NORTH BURGAW,PENDER,,"71",389042.50113400002,"663","929","1689","590","1048","1688","606","1085","1691","578","1053","1631","519","1116","1635","556","1122","1678","538","1125","1663","592","1091","1683","609","1072","1681","549","1121","1670","558","1162","1728"
"2120",NB03,TOWN CREEK,BRUNSWICK,,"10",264600.73809800000,"1773","2220","4273","1499","2601","4260","1563","2691","4254","1378","2691","4069","1328","2783","4111","1440","2769","4209","1357","2840","4197","1495","2736","4231","1472","2744","4216","1367","2848","4215","1398","2900","4345"
"2122",NB05,WOODBURN,BRUNSWICK,,"10",76904.81531840000,"1401","990","2534","1254","1177","2521","1283","1232","2515","1182","1204","2386","1132","1277","2409","1202","1280","2482","1160","1322","2482","1267","1234","2501","1226","1256","2482","1181","1305","2486","1232","1331","2593"
"2123",NB06,BRUNSWICK FOREST,BRUNSWICK,,"10",91558.78353850001,"3461","1801","5585","2944","2566","5615","2984","2623","5607","2595","2791","5386","2553","2829","5382","2666","2822","5488","2501","2930","5431","2808","2739","5547","2799","2687","5486","2535","2971","5506","2860","2784","5681"
"2124",NB07,BELVILLE 1,BRUNSWICK,,"10",223028.44021100001,"3668","2944","7061","3180","3632","7022","3246","3779","7025","2921","3775","6696","2869","3851","6720","3026","3897","6923","2901","3974","6875","3178","3795","6973","3150","3789","6939","2904","4014","6918","3073","4032","7181"
"2125",NB35,NORTH BROOK 3A,LINCOLN,,"55",193968.37897399999,"694","2347","3195","555","2579","3197","600","2593","3193","492","2601","3093","428","2703","3131","463","2709","3172","466","2695","3161","578","2597","3175","597","2563","3160","485","2683","3168","480","2748","3239"
"2126",NBCK,NORTH BUCK SHOALS,YADKIN,,"99",119961.66712300001,"280","780","1126","191","906","1141","238","897","1135","186","914","1100","154","963","1117","178","951","1129","175","952","1127","210","923","1133","239","889","1128","174","961","1135","176","969","1155"
"2145",NH,NEW HOPE,IREDELL,,"49",128428.32963900000,"227","821","1099","173","898","1099","183","914","1097","154","905","1059","137","928","1065","145","947","1092","141","950","1091","173","918","1091","182","902","1084","151","936","1087","144","969","1126"
"2127",NC,NORTH CARRBORO,ORANGE,,"68",35142.31659980000,"2147","104","2286","2104","164","2289","2125","164","2289","2035","197","2232","1981","267","2248","2042","218","2260","2028","228","2256","2099","171","2270","2094","172","2266","2014","246","2260","2089","185","2298"
"10063","306",MINERAL SPRINGS ELEM SCHOOL,FORSYTH,,"34",34135.88718620000,"747","137","924","730","146","917","746","173","919","731","154","885","704","170","874","744","160","904","728","170","898","743","162","905","743","165","908","735","173","908","752","175","941"
"2128",NCGR1,NCGR1,GUILFORD,,"41",83294.37015920000,"1674","1175","3014","1339","1614","3035","1414","1630","3044","1191","1680","2871","1027","1946","2973","1185","1807","2992","1170","1808","2978","1390","1613","3003","1465","1547","3012","1171","1814","2985","1326","1710","3082"
"10064","401",WINSTON LAKE FAMILY YMCA,FORSYTH,,"34",70863.51404150002,"950","98","1081","947","98","1077","960","116","1076","950","104","1054","919","130","1049","955","107","1062","945","112","1057","966","109","1075","964","106","1070","949","119","1068","952","128","1090"
"2129",NCGR2,NCGR2,GUILFORD,,"41",83560.40409250000,"1088","1121","2368","878","1434","2378","933","1454","2387","818","1451","2269","686","1646","2332","795","1564","2359","791","1568","2359","903","1457","2360","975","1387","2362","819","1539","2358","860","1525","2423"
"2147",NICANO,NICANOR,PERQUIMANS,,"72",133524.99085400000,"43","139","186","43","141","184","40","145","185","42","141","183","37","148","185","38","148","186","37","148","185","49","137","186","64","122","186","38","147","185","36","151","189"
"2148",NIX,NIXONTON,PASQUOTANK,,"70",208118.53794300000,"1088","1934","3098","1022","1982","3088","1038","2044","3082","1005","1964","2969","930","2090","3020","996","2063","3059","973","2068","3041","1105","1960","3065","1072","1997","3069","1010","2046","3056","1026","2070","3123"
"2149",NKNB,NORTH KNOBS,YADKIN,,"99",140584.18578800000,"727","1350","2175","552","1556","2170","620","1550","2170","516","1580","2096","456","1663","2119","535","1621","2156","518","1630","2148","599","1555","2154","641","1509","2150","535","1618","2153","529","1657","2207"
"2150",NLIB,NORTH LIBERTY,YADKIN,,"99",130656.80318600000,"912","1735","2826","651","2110","2834","737","2085","2822","619","2118","2737","508","2271","2779","603","2212","2815","595","2204","2799","680","2131","2811","765","2035","2800","600","2205","2805","606","2260","2888"
"2130",NCLAY1,NCLAY1,GUILFORD,,"41",71824.63067499999,"1172","869","2144","993","1107","2158","1026","1133","2159","927","1149","2076","818","1302","2120","908","1240","2148","909","1224","2133","1025","1118","2143","1108","1058","2166","938","1195","2133","972","1180","2180"
"2131",NCLAY2,NCLAY2,GUILFORD,,"41",93541.41656620000,"461","733","1245","378","836","1248","410","841","1251","326","877","1203","276","966","1242","302","937","1239","321","912","1233","381","865","1246","443","798","1241","318","914","1232","337","915","1265"
"2132",NCRK,NORTH CREEK,BEAUFORT,,"7",259263.26394899999,"384","767","1208","321","855","1215","323","895","1218","281","896","1177","248","939","1187","292","915","1207","274","921","1195","365","848","1213","333","867","1200","277","934","1211","295","925","1228"
"2133",NDRI,NDRI,GUILFORD,,"41",94783.14435440001,"1084","1255","2472","911","1502","2486","971","1531","2502","815","1571","2386","722","1698","2420","829","1623","2452","804","1634","2438","927","1538","2465","988","1484","2472","804","1644","2448","883","1610","2526"
"2134",NE,NORTHEAST,HENDERSON,,"45",87212.21829690000,"980","848","1924","868","984","1919","916","1010","1926","857","984","1841","812","1038","1850","872","1039","1911","844","1052","1896","890","1018","1908","873","1039","1912","848","1051","1899","888","1046","1951"
"2135",NE22A,0NE22A,ONSLOW,,"67",81862.14409910000,"1675","1294","3207","1523","1501","3189","1545","1609","3154","1458","1515","2973","1384","1596","2980","1481","1636","3117","1431","1670","3101","1524","1629","3153","1504","1625","3129","1446","1664","3110","1508","1769","3303"
"2136",NE22B,0NE22B,ONSLOW,,"67",133048.18692899999,"1799","1992","4085","1639","2242","4051","1707","2322","4029","1566","2245","3811","1461","2359","3820","1581","2392","3973","1518","2440","3958","1671","2354","4025","1665","2353","4018","1534","2459","3993","1583","2560","4196"
"10067","404",EAST WINSTON HERITAGE CENTER,FORSYTH,,"34",28105.04220050000,"1461","154","1687","1399","220","1678","1426","242","1668","1357","227","1584","1346","270","1616","1392","258","1650","1372","269","1641","1430","233","1663","1426","241","1667","1372","277","1649","1442","239","1716"
"2137",NEBO,NEBO,MCDOWELL,,"59",110854.13755299999,"650","1361","2099","535","1516","2098","565","1527","2092","489","1530","2019","470","1572","2042","494","1580","2074","478","1588","2066","539","1544","2083","518","1557","2075","494","1577","2071","505","1604","2126"
"2138",NEW,NEWLAND,PASQUOTANK,,"70",233607.18146699999,"631","832","1500","631","839","1498","650","843","1493","624","824","1448","603","855","1458","628","861","1489","616","862","1478","646","844","1490","641","848","1489","642","846","1488","628","877","1511"
"2139",NEW HO,NEW HOPE,PERQUIMANS,,"72",225789.07251400000,"512","1354","1927","480","1406","1931","489","1442","1931","475","1406","1881","452","1440","1892","473","1452","1925","457","1464","1921","506","1416","1922","538","1389","1927","473","1444","1917","473","1449","1944"
"2140",NEWTOW,NEWTOWN,NORTHAMPTON,,"66",122401.20267200000,"169","193","370","160","204","368","168","198","366","151","203","354","143","222","365","145","221","366","146","214","360","172","193","365","168","199","367","153","209","362","147","226","375"
"2141",NFAL,NORTH FALL CREEK,YADKIN,,"99",124048.82937399999,"233","613","888","165","717","905","185","710","895","149","723","872","118","771","889","147","748","895","139","753","892","167","728","895","198","696","894","146","741","887","143","755","910"
"2146",NH1,NH1,VANCE,,"91",38649.61337730000,"931","92","1059","928","96","1057","939","112","1051","928","98","1026","901","119","1020","933","114","1047","919","120","1039","950","104","1054","937","114","1051","941","112","1053","935","120","1067"
"10071","503",TRINITY MORAVIAN CHURCH,FORSYTH,,"34",27274.00867080000,"844","95","981","825","110","970","838","128","966","801","122","923","773","158","931","812","140","952","795","150","945","831","131","962","835","127","962","809","149","958","835","137","993"
"2151",NM,NEW MARKET,RANDOLPH,,"76",135905.42820500000,"737","2636","3559","537","2959","3588","607","2982","3589","488","3013","3501","402","3136","3538","460","3101","3561","452","3091","3543","570","3013","3583","667","2893","3560","479","3090","3569","466","3153","3644"
"2152",NM,NORTH MILLS RIVER,HENDERSON,,"45",207276.61016700001,"1290","1211","2647","1094","1493","2666","1172","1494","2666","1029","1522","2551","944","1654","2598","1028","1615","2643","1000","1626","2626","1107","1548","2655","1122","1532","2654","1033","1613","2646","1081","1564","2675"
"10072","504",HILL MIDDLE SCHOOL,FORSYTH,,"34",26094.26963580000,"586","113","731","566","128","724","588","136","724","566","129","695","548","149","697","573","141","714","564","144","708","586","133","719","581","138","719","568","150","718","587","149","749"
"2153",NM13,NINE MILE,ONSLOW,,"67",117307.43028800000,"174","646","884","143","689","873","154","713","867","141","685","826","123","709","832","144","726","870","127","729","856","158","716","874","149","710","859","134","726","860","136","772","910"
"2154",NMAD,NMAD,GUILFORD,,"41",113863.24626600000,"1994","1004","3119","1884","1124","3103","1916","1190","3106","1831","1153","2984","1661","1405","3066","1835","1239","3074","1818","1247","3065","1904","1166","3070","1963","1122","3085","1819","1244","3063","1864","1274","3179"
"2155",NORTH,NORTH MARSHALL,MADISON,,"57",200545.99821699999,"871","891","1839","746","1022","1827","777","1061","1838","745","1015","1760","695","1092","1787","734","1089","1823","730","1079","1809","779","1054","1833","758","1059","1817","739","1077","1816","699","1141","1871"
"2156",NORTH,NORTH ELIZABETH CITY,PASQUOTANK,,"70",62126.08872860000,"826","505","1374","816","507","1371","831","537","1368","802","514","1316","773","540","1313","812","548","1360","809","542","1351","843","524","1367","824","539","1363","818","544","1362","814","567","1396"
"2157",NPT1,NEWPORT 1,CARTERET,,"16",139767.51588500000,"907","1554","2638","734","1789","2639","789","1843","2632","677","1822","2499","601","1904","2505","710","1891","2601","656","1931","2587","793","1828","2621","779","1832","2611","659","1945","2604","680","1962","2679"
"2158",NPT2,NEWPORT 2,CARTERET,,"16",117480.02218200000,"732","1551","2476","571","1804","2475","642","1842","2484","541","1832","2373","492","1901","2393","556","1907","2463","520","1917","2437","632","1838","2470","601","1870","2471","517","1939","2456","528","1991","2541"
"2159",NR02,NEW RIVER,ONSLOW,,"67",40831.48098000000,"666","170","874","640","190","864","659","199","858","638","180","818","635","184","819","655","197","852","633","202","835","666","193","859","655","197","852","643","199","842","668","215","900"
"2161",NS,NORTHSIDE,ORANGE,,"68",16140.06654910000,"1434","160","1647","1361","239","1626","1395","238","1633","1312","251","1563","1296","268","1564","1329","265","1594","1338","255","1593","1362","248","1610","1376","232","1608","1293","312","1605","1357","282","1669"
"2160",NRIV,NORTH RIVER,CARTERET,,"16",149858.29393399999,"312","206","539","301","231","544","313","237","550","294","235","529","275","258","533","294","246","540","285","247","532","303","242","545","314","232","546","300","242","542","290","257","551"
"2195",P06A,SPRING HOPE,NASH,,"64",214074.37370699999,"1324","939","2338","1242","1057","2353","1251","1107","2358","1180","1109","2289","1109","1210","2319","1173","1170","2343","1181","1141","2322","1306","1041","2347","1281","1068","2349","1192","1154","2346","1191","1164","2375"
"2196",P07,CHADBOURN,COLUMBUS,,"24",189178.47846000001,"1015","994","2065","977","1052","2066","999","1067","2066","959","1058","2017","920","1111","2031","950","1109","2059","952","1085","2037","992","1072","2064","973","1082","2055","962","1086","2048","945","1153","2104"
"2197",P07,WHITE OAK,JONES,,"52",394331.72154499998,"470","418","938","451","446","934","473","461","934","454","439","893","439","472","911","445","485","930","437","484","921","477","458","935","465","465","930","447","478","925","461","489","958"
"2162",NSP,NORTH SOUTHERN PINES,MOORE,,"63",76986.36906220000,"1254","693","2072","1077","908","2062","1113","951","2064","1006","942","1948","953","1029","1982","984","1030","2014","993","1012","2005","1132","910","2042","1090","950","2040","1002","1028","2030","1096","996","2117"
"2163",NV,NV,VANCE,,"91",99478.22017970000,"465","282","762","445","300","767","452","314","766","445","294","739","419","320","739","435","315","750","418","322","740","462","296","758","445","306","751","441","313","754","449","335","785"
"2198",P07A,MOMEYER,NASH,,"64",109398.94581999999,"257","439","714","213","491","718","227","489","716","195","499","694","167","540","707","188","527","715","191","513","704","244","470","714","249","460","709","201","511","712","200","521","723"
"2199",P08A,NASHVILLE,NASH,,"64",203793.54482600000,"3018","2429","5641","2755","2798","5656","2821","2850","5671","2661","2872","5533","2520","3047","5567","2635","3001","5636","2631","2950","5581","2937","2723","5660","2885","2749","5634","2686","2945","5631","2673","3030","5733"
"2200",P09A,CASTALIA,NASH,,"64",157941.44537000000,"518","565","1112","485","604","1111","492","623","1115","468","617","1085","443","653","1096","458","650","1108","452","644","1096","506","604","1110","484","622","1106","475","628","1103","470","655","1133"
"2164",NW,NORTHWEST,HENDERSON,,"45",42159.17757210000,"844","680","1613","763","825","1627","784","846","1630","728","841","1569","681","894","1575","737","877","1614","712","893","1605","758","863","1621","764","851","1615","719","891","1610","762","839","1625"
"2165",NWASH,NWASH,GUILFORD,,"41",107428.67133800000,"282","724","1052","227","804","1054","237","817","1054","203","812","1015","151","905","1056","190","859","1049","193","850","1043","243","804","1047","281","770","1051","206","844","1050","200","869","1076"
"2166",NWM117,NORTH WILLIAMS,CHATHAM,,"19",99181.15334390000,"4178","950","5324","3809","1448","5341","3898","1478","5376","3631","1542","5173","3488","1708","5196","3645","1614","5259","3575","1661","5236","3850","1458","5308","3848","1437","5285","3594","1665","5259","3848","1501","5409"
"2167",OAKGRV,OAKGRV,CLEVELAND,,"23",130280.67769600000,"774","1960","2879","626","2173","2896","690","2211","2901","589","2212","2801","543","2286","2829","578","2303","2881","569","2295","2864","636","2250","2886","658","2216","2874","563","2314","2877","583","2330","2933"
"2168",OB21,ORE BANK,LINCOLN,,"55",118296.06009000000,"507","1369","1969","397","1533","1982","444","1529","1973","367","1551","1918","345","1584","1929","361","1604","1965","343","1611","1954","412","1561","1973","417","1546","1963","354","1599","1953","375","1609","1998"
"2169",OCK,OCRACOKE,HYDE,,"48",294503.83876200003,"435","149","612","405","188","611","409","202","611","374","201","575","348","238","586","382","221","603","370","223","593","410","198","608","422","185","607","385","215","600","393","226","627"
"2170",OG,ORANGE GROVE,ORANGE,,"68",144764.16284400001,"2103","819","3055","1966","1007","3066","2010","1054","3064","1885","1063","2948","1780","1213","2993","1896","1140","3036","1886","1135","3021","2015","1037","3052","1967","1051","3018","1908","1125","3033","1938","1124","3097"
"2171",OKHL,Voting District 00OKHL,GRANVILLE,,"39",162987.77639099999,"443","495","960","409","538","966","422","546","968","404","541","945","362","596","958","394","561","955","394","561","955","444","520","964","415","546","961","398","564","962","400","581","983"
"2172",OL,OLIN,IREDELL,,"49",168784.99659500000,"294","735","1080","217","837","1086","255","820","1075","214","822","1036","173","879","1052","203","876","1079","207","859","1066","252","826","1078","282","790","1072","206","865","1071","217","871","1094"
"2173",OLDF,OLD FORD,BEAUFORT,,"7",159114.45239300001,"616","613","1277","530","703","1272","547","724","1271","520","710","1230","485","762","1247","519","744","1263","501","748","1249","557","706","1263","538","725","1263","512","750","1262","500","788","1294"
"2174",OLHI,OLIVE HILL,PERSON,,"73",153619.94012499999,"479","812","1341","381","896","1319","415","907","1322","355","912","1267","303","1000","1303","333","960","1293","337","949","1286","438","861","1299","399","899","1298","348","940","1288","359","1019","1387"
"2175",OPH,OPHIR,MONTGOMERY,,"62",161377.98331800001,"45","188","241","32","201","238","34","204","238","25","198","223","18","218","236","24","213","237","25","209","234","31","210","241","38","199","237","23","212","235","19","224","244"
"2176",OR1,OR1,GUILFORD,,"41",98355.30415510001,"1702","1744","3662","1374","2203","3668","1438","2246","3684","1221","2256","3477","1079","2492","3571","1209","2398","3607","1183","2402","3585","1396","2224","3620","1515","2139","3654","1181","2411","3592","1369","2349","3765"
"2177",OR2,OR2,GUILFORD,,"41",99973.11557579999,"1143","1163","2461","933","1487","2478","957","1519","2476","829","1532","2361","739","1666","2405","823","1616","2439","824","1613","2437","951","1503","2454","989","1463","2452","817","1614","2431","921","1565","2524"
"2178",OTBEG,OTWAY/STRAITS/BETTIE/Gloucester,CARTERET,,"16",155952.88579599999,"482","1027","1614","409","1163","1613","440","1172","1612","365","1186","1551","332","1239","1571","380","1216","1596","371","1213","1584","431","1171","1602","426","1175","1601","371","1224","1595","372","1256","1640"
"2201",P1,PLYMOUTH 1,WASHINGTON,,"94",72972.49607830000,"567","243","841","565","262","847","564","278","842","563","264","827","534","290","824","548","291","839","551","274","825","578","263","841","571","271","842","560","284","844","561","289","855"
"2179",OW1,OWASA,ORANGE,,"68",24705.53987490000,"2073","132","2278","2044","179","2261","2080","189","2269","1996","190","2186","1999","207","2206","2038","203","2241","2023","225","2248","2064","194","2258","2057","194","2251","2024","224","2248","2037","194","2290"
"2180",P,PIGEON,HAYWOOD,,"44",113764.31718400000,"765","1355","2214","602","1564","2225","618","1609","2227","578","1583","2161","485","1678","2163","553","1656","2209","544","1663","2207","612","1606","2218","607","1607","2214","567","1638","2205","570","1669","2253"
"2181",P01,BEAVER CREEK,JONES,,"52",217099.63835400000,"204","313","536","183","332","534","196","336","532","177","339","516","170","355","525","187","345","532","182","347","529","204","330","534","195","334","529","179","348","527","177","357","537"
"2182",P01A,BAILEY,NASH,,"64",137828.61277099999,"1082","1434","2620","952","1585","2609","970","1636","2606","889","1638","2527","815","1743","2558","900","1692","2592","891","1671","2562","1015","1583","2598","977","1615","2592","896","1690","2586","909","1739","2667"
"2183",P01A,BOGUE,COLUMBUS,,"24",237563.14070799999,"469","642","1161","416","699","1157","441","714","1155","400","728","1128","391","740","1131","408","749","1157","389","751","1140","424","730","1154","426","723","1149","397","751","1148","379","803","1188"
"2184",P02,CHINQUAPIN,JONES,,"52",196329.21944300001,"80","294","388","75","298","388","80","306","386","70","300","370","66","308","374","74","310","384","72","307","379","79","304","383","83","302","385","71","311","382","67","318","389"
"2185",P02A,MIDDLESEX,NASH,,"64",160373.41584900001,"778","1053","1910","694","1167","1912","733","1181","1914","666","1168","1834","621","1251","1872","671","1225","1896","662","1216","1878","759","1148","1907","723","1177","1900","685","1211","1896","677","1246","1942"
"2186",P02B,BOLTON,COLUMBUS,,"24",257286.09323000000,"402","309","731","389","320","723","394","328","722","380","334","714","365","346","711","377","344","721","370","338","708","395","332","727","380","339","719","381","336","717","363","366","732"
"2187",P03,CYPRESS CREEK,JONES,,"52",169832.88027100000,"113","336","463","97","351","459","115","348","463","88","351","439","78","372","450","88","363","451","84","361","445","111","344","455","116","342","458","94","359","453","94","375","470"
"2188",P03A,SAMARIA,NASH,,"64",142196.88475999999,"547","898","1498","474","991","1505","483","1022","1505","437","1018","1455","393","1078","1471","435","1050","1485","429","1050","1479","506","993","1499","460","1034","1494","438","1048","1486","443","1076","1531"
"2189",P04,POLLOCKSVILLE,JONES,,"52",272901.44494399999,"658","823","1560","598","896","1557","626","927","1553","580","914","1494","553","962","1515","580","963","1543","566","964","1530","623","920","1543","607","937","1544","581","954","1535","580","986","1580"
"2190",P04A,STANHOPE,NASH,,"64",183294.69930300000,"589","840","1472","526","929","1485","523","955","1478","497","949","1446","455","999","1454","486","988","1474","495","969","1464","575","908","1483","537","936","1473","505","970","1475","496","994","1502"
"2191",P05,TRENTON,JONES,,"52",273412.74048699997,"590","441","1070","548","475","1075","576","499","1075","546","490","1036","522","517","1039","551","519","1070","544","515","1059","590","483","1073","599","479","1078","554","518","1072","546","536","1093"
"2192",P05A,COOPERS,NASH,,"64",167314.46080000000,"744","1840","2658","580","2043","2664","616","2058","2674","505","2095","2600","435","2207","2642","496","2167","2663","499","2137","2636","684","1976","2660","612","2034","2646","510","2144","2654","507","2170","2693"
"2193",P06,TUCKAHOE,JONES,,"52",186031.68143600001,"102","303","425","93","314","419","88","334","422","84","324","408","76","338","414","90","330","420","80","333","413","111","306","417","106","307","413","82","333","415","82","348","431"
"2194",P06,CERRO GORDO,COLUMBUS,,"24",116581.59677000000,"174","464","655","153","490","657","171","485","656","142","497","639","129","515","644","143","515","658","139","512","651","173","484","657","163","487","650","145","500","645","134","526","666"
"2202",P10,ABBOTTS,BLADEN,,"9",113515.40741699999,"162","317","494","153","320","486","158","324","482","150","306","456","138","329","467","148","329","477","140","334","474","165","312","477","150","327","477","153","322","475","138","349","493"
"2203",P10A,GRIFFINS,NASH,,"64",247542.05060200000,"1050","505","1592","995","569","1591","1022","570","1592","987","571","1558","937","619","1556","983","600","1583","987","594","1581","1030","558","1588","1019","571","1590","995","592","1587","993","605","1606"
"2204",P11,NORTH LEES,COLUMBUS,,"24",116213.29206900000,"147","464","637","122","497","636","133","499","632","118","501","619","113","512","625","114","521","635","114","514","628","129","500","629","125","502","627","121","509","630","110","535","649"
"2205",P112,Lees SE,COLUMBUS,,"24",356746.59897100000,"116","679","817","87","707","818","94","725","819","79","714","793","75","728","803","93","722","815","81","729","810","96","719","815","81","725","806","80","735","815","66","766","836"
"2206",P11A,RED OAK,NASH,,"64",145618.27136000001,"963","1642","2694","759","1905","2712","789","1922","2711","685","1943","2628","625","2026","2651","668","2034","2702","667","2022","2689","833","1874","2707","856","1846","2702","706","1992","2698","690","2035","2740"
"2207",P12A,SALEM,NASH,,"64",144783.72494799999,"494","318","833","446","363","829","457","370","827","437","364","801","418","394","812","432","394","826","434","383","817","466","359","825","459","365","824","445","380","825","436","402","845"
"2208",P13A,WHITAKERS,NASH,,"64",170571.06968099999,"432","137","579","411","152","578","429","146","575","413","151","564","400","167","567","413","161","574","415","161","576","433","143","576","421","154","575","416","159","575","419","166","590"
"2209",P14,RANSOM,COLUMBUS,,"24",219139.76248800001,"1182","1278","2551","1101","1407","2563","1147","1421","2568","1082","1420","2502","1057","1449","2506","1105","1453","2558","1067","1466","2533","1135","1419","2554","1106","1442","2548","1068","1471","2539","1067","1515","2596"
"2210",P14A,DORTCHES,NASH,,"64",96553.43723200000,"669","621","1331","602","721","1351","628","721","1349","581","734","1315","537","788","1325","574","770","1344","573","754","1327","638","712","1350","617","728","1345","587","751","1338","574","767","1350"
"2211",P15,BETHEL,BLADEN,,"9",169902.14129800000,"609","1272","1956","539","1359","1951","559","1382","1941","527","1358","1885","487","1429","1916","527","1410","1937","522","1394","1916","584","1347","1931","556","1373","1929","523","1390","1913","516","1464","1988"
"2212",P15,TATUM,COLUMBUS,,"24",319446.75999599998,"631","901","1589","596","962","1594","623","969","1592","588","960","1548","567","990","1557","594","986","1580","583","979","1562","621","965","1586","593","972","1565","603","975","1578","578","1033","1623"
"2213",P15A,OAK LEVEL,NASH,,"64",145509.67276099999,"1678","1749","3548","1470","2008","3558","1536","2031","3567","1418","2065","3483","1341","2158","3499","1406","2126","3532","1411","2101","3512","1571","1983","3554","1558","1981","3539","1430","2109","3539","1424","2172","3619"
"2214",P16A,ROCKY MOUNT BATTLEBORO,NASH,,"64",169689.75278200000,"1088","532","1674","1020","616","1674","1052","620","1672","989","632","1621","954","671","1625","990","669","1659","990","657","1647","1070","600","1670","1042","624","1666","988","670","1658","1014","667","1685"
"2215",P16B,WACCAMAW,COLUMBUS,,"24",186295.03163899999,"504","768","1318","451","842","1322","449","871","1320","378","883","1261","348","937","1285","380","928","1308","362","929","1291","457","857","1314","424","885","1309","390","913","1303","372","974","1355"
"2216",P17,WELCHES CREEK,COLUMBUS,,"24",144014.89196600000,"489","270","793","469","293","782","472","312","784","456","307","763","436","320","756","461","323","784","446","325","771","483","303","786","460","318","778","453","324","777","466","338","809"
"2217",P17A,ROCKY MOUNT BENVENUE,NASH,,"64",37620.26860130000,"2261","651","3011","2179","782","3021","2199","817","3016","2109","811","2920","2036","895","2931","2133","864","2997","2125","847","2972","2223","783","3006","2196","806","3002","2135","860","2995","2125","866","3039"
"2218",P18A,ROCKY MOUNT HUNTER HILL,NASH,,"64",60407.64062240000,"1549","470","2079","1497","553","2093","1521","572","2093","1463","574","2037","1415","619","2034","1454","618","2072","1457","597","2054","1541","547","2088","1509","563","2072","1469","613","2082","1487","601","2114"
"2219",P19,WHITEVILLE 1,COLUMBUS,,"24",57459.84351030000,"912","674","1646","818","791","1652","849","809","1658","787","800","1587","744","849","1593","804","844","1648","788","829","1617","859","790","1649","832","800","1632","787","849","1636","809","874","1698"
"2220",P19A,ROCKY MOUNT WINSTEAD,NASH,,"64",55133.23195860000,"2710","1429","4328","2443","1823","4361","2511","1878","4389","2318","1947","4265","2145","2144","4289","2305","2034","4339","2277","2026","4303","2578","1782","4360","2562","1787","4349","2332","2010","4342","2372","1984","4424"
"2221",P2,PLYMOUTH 2,WASHINGTON,,"94",60804.83200050000,"461","114","599","458","120","601","469","133","602","455","124","579","438","137","575","461","138","599","451","143","594","476","126","602","470","131","601","468","129","597","468","130","609"
"2222",P201,BLADENBORO  1,BLADEN,,"9",146160.06672999999,"270","756","1068","227","801","1056","246","806","1052","217","804","1021","195","838","1033","209","838","1047","216","832","1048","253","801","1054","239","810","1049","228","817","1045","203","875","1081"
"2223",P202,BLADENBORO  2,BLADEN,,"9",133412.61162099999,"531","1217","1803","459","1307","1802","473","1324","1797","455","1305","1760","426","1348","1774","442","1349","1791","438","1343","1781","511","1281","1792","487","1300","1787","461","1324","1785","440","1388","1833"
"2224",P20A,ROCKY MOUNT SUNSET,NASH,,"64",60629.49008000000,"1340","657","2062","1267","780","2083","1275","811","2086","1233","811","2044","1164","891","2055","1221","847","2068","1212","836","2048","1305","772","2077","1292","780","2072","1226","850","2076","1227","859","2107"
"2225",P20A,WHITEVILLE 2,COLUMBUS,,"24",62056.08586550000,"339","170","531","336","178","534","343","187","530","330","180","510","322","188","510","333","194","527","334","192","526","347","183","530","333","198","531","334","192","526","337","201","546"
"2226",P21A,ROCKY MOUNT DOWNTOWN,NASH,,"64",71859.63311090000,"1515","382","1975","1461","484","2001","1502","495","1997","1425","516","1941","1369","575","1944","1439","555","1994","1409","561","1970","1509","484","1993","1508","477","1985","1431","560","1991","1445","548","2018"
"2227",P22A,SOUTH WHITEVILLE,COLUMBUS,,"24",196300.15993500000,"495","866","1420","435","948","1418","460","961","1421","427","968","1395","411","976","1387","424","988","1412","412","987","1399","449","966","1415","437","973","1410","417","992","1409","410","1042","1454"
"2228",P22A,ROCKY MOUNT EDWARDS,NASH,,"64",20850.29931380000,"1081","106","1217","1071","115","1216","1076","143","1219","1065","122","1187","1039","138","1177","1072","138","1210","1068","128","1196","1094","125","1219","1078","135","1213","1075","137","1212","1092","137","1236"
"2229",P23,WEST WHITEVILLE,COLUMBUS,,"24",179754.34825400001,"666","775","1493","607","854","1492","615","874","1489","578","871","1449","563","888","1451","584","895","1479","565","891","1456","634","848","1482","626","851","1477","588","884","1472","601","909","1521"
"2268",PG2,PG2,GUILFORD,,"41",97216.15693130001,"831","1376","2347","654","1623","2343","712","1634","2346","584","1652","2236","506","1796","2302","570","1749","2319","587","1722","2309","674","1647","2321","799","1539","2338","601","1712","2313","613","1738","2390"
"2269",PH,PROSPECT HILL,CASWELL,,"17",231035.61042800001,"543","864","1460","474","949","1455","503","943","1446","454","945","1399","413","1033","1446","456","993","1449","450","1003","1453","506","946","1452","501","954","1455","453","992","1445","460","1011","1482"
"2230",P23A,ROCKY MOUNT SOUTH,NASH,,"64",45239.09229390000,"1794","263","2112","1790","290","2119","1802","314","2116","1783","297","2080","1738","327","2065","1794","322","2116","1774","326","2100","1821","299","2120","1807","307","2114","1805","313","2118","1809","320","2143"
"2231",P24,WILLIAMS 1,COLUMBUS,,"24",149488.85862600000,"204","1275","1525","175","1323","1527","183","1339","1522","161","1330","1491","145","1357","1502","148","1372","1520","159","1354","1513","203","1307","1510","188","1322","1510","158","1352","1510","137","1406","1549"
"2232",P24A,SHARPSBURG,NASH,,"64",129787.17996900000,"978","1418","2498","880","1591","2525","911","1620","2531","818","1640","2458","754","1722","2476","812","1700","2512","817","1673","2490","930","1590","2520","873","1628","2501","819","1690","2509","835","1707","2559"
"2233",P25,BROWN MARSH,BLADEN,,"9",130946.85073100000,"401","291","720","364","337","717","369","342","711","338","349","687","331","381","712","349","358","707","337","367","704","380","334","714","366","345","711","345","357","702","354","378","734"
"2234",P25B,WILLIAMS 2,COLUMBUS,,"24",190941.48967099999,"146","872","1061","118","913","1055","125","928","1053","110","913","1023","105","932","1037","105","953","1058","105","942","1047","134","919","1053","117","936","1053","106","944","1050","95","966","1066"
"2235",P26B,SOUTH WILLIAMS,COLUMBUS,,"24",223312.62793200000,"799","1142","2033","761","1224","2039","761","1272","2033","757","1234","1991","740","1250","1990","739","1296","2035","743","1280","2023","771","1262","2033","762","1262","2024","747","1282","2029","747","1327","2089"
"2236",P3,PLYMOUTH 3,WASHINGTON,,"94",224345.33009800001,"824","761","1635","783","811","1629","797","835","1632","764","827","1591","714","901","1615","768","863","1631","755","865","1620","840","793","1633","805","821","1626","765","866","1631","756","891","1656"
"2237",P30,CARVERS CREEK,BLADEN,,"9",221823.94537599999,"677","204","903","659","205","886","667","224","891","642","224","866","646","234","880","656","237","893","649","237","886","661","225","886","665","223","888","656","226","882","648","254","911"
"2238",P34,Bug Hill,COLUMBUS,,"24",192327.31181799999,"206","460","689","187","481","687","189","499","688","181","487","668","174","500","674","180","505","685","184","497","681","195","491","686","193","489","682","180","506","686","167","533","702"
"2239",P35,CENTRAL,BLADEN,,"9",156225.79677600000,"62","24","98","61","30","96","61","33","94","63","30","93","64","30","94","64","30","94","59","36","95","66","30","96","64","31","95","60","33","93","59","35","96"
"2240",P40,COLLY,BLADEN,,"9",311439.31488999998,"447","769","1279","364","869","1266","388","880","1268","338","892","1230","298","940","1238","349","915","1264","339","919","1258","395","877","1272","372","893","1265","344","919","1263","337","953","1295"
"2241",P45,CYPRESS CREEK,BLADEN,,"9",200384.66077300001,"133","229","374","128","239","371","129","242","371","120","242","362","103","264","367","116","252","368","110","256","366","128","240","368","120","243","363","118","246","364","110","266","380"
"2242",P501,ELIZABETHTOWN  1,BLADEN,,"9",125514.31239700000,"860","581","1487","809","640","1481","813","664","1477","771","666","1437","752","715","1467","776","694","1470","767","692","1459","842","631","1473","828","635","1463","786","681","1467","784","707","1499"
"2243",P502,ELIZABETHTOWN  2,BLADEN,,"9",155297.09652200001,"762","463","1263","721","505","1250","732","512","1244","700","517","1217","694","549","1243","703","540","1243","707","534","1241","748","491","1239","736","501","1237","710","519","1229","720","551","1281"
"2244",P513,Nakina,COLUMBUS,,"24",212083.65311399999,"179","617","832","142","669","825","153","680","833","135","677","812","128","676","804","137","694","831","133","690","823","151","679","830","141","687","828","134","688","822","124","724","849"
"2245",P55,FRENCHES CREEK,BLADEN,,"9",253991.99816399999,"224","215","456","200","245","454","210","245","455","190","248","438","189","257","446","192","257","449","185","266","451","206","248","454","207","244","451","189","252","441","191","276","467"
"2246",P60,HOLLOW,BLADEN,,"9",194644.87950300000,"566","496","1111","542","542","1104","553","546","1099","518","555","1073","500","581","1081","517","589","1106","518","578","1096","545","556","1101","541","562","1103","528","567","1095","523","600","1131"
"2247",P65,LAKE CREEK,BLADEN,,"9",339866.29314800003,"162","308","486","142","331","487","151","335","486","131","339","470","128","355","483","134","354","488","136","348","484","155","332","487","153","332","485","133","348","481","131","367","501"
"2248",P70,TURNBULL,BLADEN,,"9",179310.99029900000,"169","177","363","167","184","363","167","197","364","156","184","340","156","200","356","167","196","363","158","197","355","169","193","362","165","193","358","165","191","356","157","214","372"
"2249",P75,WHITES CREEK,BLADEN,,"9",244272.87315400000,"541","281","843","525","291","840","531","303","834","516","293","809","510","305","815","519","315","834","517","314","831","541","294","835","528","308","836","528","301","829","519","327","851"
"2250",P80,WHITE OAK,BLADEN,,"9",195067.29074200001,"318","445","800","288","487","801","296","504","800","272","486","758","274","512","786","285","515","800","278","515","793","311","492","803","298","500","798","291","507","798","278","527","809"
"2251",P82,NW Whiteville,COLUMBUS,,"24",201695.47462100000,"467","749","1262","404","837","1265","425","844","1269","389","847","1236","375","876","1251","398","864","1262","384","862","1246","428","842","1270","410","851","1261","397","863","1260","388","897","1293"
"2252",P89,Cherry Bluff,COLUMBUS,,"24",208904.42828200001,"391","608","1042","368","635","1036","379","653","1032","347","657","1004","328","680","1008","341","689","1030","338","674","1012","375","646","1021","353","669","1022","354","662","1016","353","704","1066"
"2253",PA,PATTERSON,ORANGE,,"68",91018.41667290000,"2092","468","2652","1969","639","2659","2005","651","2656","1867","707","2574","1823","772","2595","1888","733","2621","1865","744","2609","1995","646","2641","1973","660","2633","1862","766","2628","1968","674","2670"
"2254",PANTE,PANTEGO,BEAUFORT,,"7",247376.69063999999,"276","530","826","248","556","824","264","560","824","246","561","807","230","585","815","251","571","822","251","561","812","275","544","819","257","562","819","249","570","819","241","581","826"
"2255",PARKVI,PARKVILLE,PERQUIMANS,,"72",191038.34584800000,"469","871","1368","469","873","1364","482","881","1363","452","889","1341","433","922","1355","443","919","1362","445","810","1255","488","876","1364","511","851","1362","465","899","1364","456","909","1385"
"2256",PB,POPLAR BRANCH,CURRITUCK,,"27",317496.40175199998,"949","2065","3139","924","2075","3116","945","2168","3113","888","2081","2969","839","2166","3005","889","2195","3084","888","2158","3046","974","2130","3104","956","2140","3096","890","2191","3081","912","2240","3183"
"2257",PBF,PINEBLUFF,MOORE,,"63",158449.18935500001,"796","841","1751","683","1002","1764","721","1043","1764","656","1011","1667","636","1050","1686","653","1088","1741","643","1081","1724","714","1034","1748","713","1030","1743","660","1076","1736","682","1086","1794"
"2258",PC,PIGEON CENTER,HAYWOOD,,"44",60995.68451690000,"325","558","946","245","668","940","258","683","941","239","667","906","197","726","923","227","716","943","218","720","938","251","693","944","248","697","945","227","714","941","224","719","951"
"2259",PC22,PUMPKIN CENTER,LINCOLN,,"55",93018.98279610000,"663","1508","2309","544","1703","2309","615","1694","2309","511","1713","2224","486","1753","2239","512","1774","2286","486","1798","2284","547","1746","2293","559","1726","2285","510","1776","2286","532","1797","2352"
"2260",PCHT,PEACHTREE,CHEROKEE,,"20",133235.05105300000,"411","1339","1808","390","1372","1807","397","1418","1815","376","1379","1755","350","1419","1769","366","1440","1806","360","1433","1793","388","1409","1797","381","1414","1795","369","1429","1798","362","1456","1834"
"2261",PDN,PINEDENE,MOORE,,"63",106854.12584300000,"1484","1061","2749","1252","1418","2761","1312","1457","2769","1129","1479","2608","1073","1564","2637","1135","1573","2708","1122","1581","2703","1291","1447","2738","1293","1436","2729","1118","1588","2706","1247","1526","2820"
"2262",PEAC,PEACHLAND,ANSON,,"4",183170.00846600000,"257","712","1003","216","748","992","227","764","991","214","743","957","203","769","972","195","795","990","206","779","985","229","766","995","229","761","990","208","776","984","193","814","1014"
"2263",PEE,PEE DEE,MONTGOMERY,,"62",150041.20058800001,"352","841","1262","267","974","1273","309","965","1274","248","980","1228","228","1018","1246","239","1026","1265","237","1023","1260","287","981","1268","282","972","1254","244","1016","1260","255","1021","1289"
"2264",PELE,PELETIER,CARTERET,,"16",111476.25170199999,"432","845","1372","340","994","1378","351","1027","1378","290","1026","1316","268","1070","1338","309","1058","1367","296","1057","1353","351","1027","1378","360","999","1359","282","1078","1360","309","1087","1407"
"2265",PELH,PELHAM,CASWELL,,"17",244131.24172600001,"780","1378","2239","662","1518","2231","700","1532","2232","617","1553","2170","575","1638","2213","622","1602","2224","610","1600","2210","667","1561","2228","698","1530","2228","619","1593","2212","607","1655","2279"
"2266",PF,PISGAH FOREST,TRANSYLVANIA,,"88",219544.50027600001,"423","438","905","378","508","912","386","525","911","349","535","884","331","565","896","355","550","905","347","559","906","380","529","909","380","526","906","350","556","906","357","557","927"
"2267",PG1,PG1,GUILFORD,,"41",67366.19513660000,"670","678","1435","590","800","1434","612","815","1427","555","816","1371","505","893","1398","551","869","1420","546","872","1418","607","816","1423","628","792","1420","559","856","1415","566","876","1454"
"2270",PH1,PINK HILL-1,LENOIR,,"54",107523.32691900000,"100","368","484","86","380","482","87","392","479","86","385","471","78","396","474","86","392","478","85","391","476","105","378","483","102","376","478","82","394","476","74","410","491"
"2298",PR01,ANDERSON CREEK,HARNETT,,"43",225868.07134500000,"3614","3476","7533","3328","3866","7495","3436","4066","7502","3197","3901","7098","3094","4068","7162","3281","4153","7434","3224","4170","7394","3500","3975","7475","3428","4032","7460","3235","4198","7433","3281","4235","7622"
"2308",PR04,BENTONVILLE,JOHNSTON,,"51",262840.99382199999,"320","579","933","275","630","925","287","638","925","251","648","899","198","710","908","220","700","920","239","673","912","338","590","928","292","630","922","255","666","921","231","695","933"
"2309",PR07,NORTH BOON HILL,JOHNSTON,,"51",213214.89463600001,"786","1536","2445","603","1755","2427","663","1771","2434","553","1801","2354","472","1915","2387","529","1881","2410","535","1863","2398","690","1732","2422","641","1768","2409","548","1853","2401","545","1928","2490"
"2310",PR07,BARBECUE,HARNETT,,"43",200977.44757700001,"4530","4736","9903","4121","5308","9875","4288","5592","9880","3940","5375","9315","3801","5616","9417","4024","5787","9811","3941","5817","9758","4281","5557","9838","4200","5639","9839","3967","5844","9811","3998","5899","10018"
"2271",PH2,PINK HILL-2,LENOIR,,"54",117817.18168900000,"191","645","869","168","681","866","170","698","868","141","702","843","120","726","846","143","717","860","135","721","856","180","685","865","200","658","858","142","713","855","143","732","880"
"2318",PR12A,NORTH CLEVELAND 1,JOHNSTON,,"51",77586.57803439999,"2790","1825","4864","2523","2190","4862","2604","2260","4864","2399","2270","4669","2267","2452","4719","2431","2366","4797","2396","2388","4784","2605","2202","4807","2567","2222","4789","2389","2399","4788","2464","2421","4962"
"2319",PR12B,NORTH CLEVELAND 2,JOHNSTON,,"51",125106.59247100000,"2311","1915","4519","2039","2328","4528","2123","2406","4529","1924","2414","4338","1747","2657","4404","1887","2590","4477","1913","2536","4449","2106","2381","4487","2118","2352","4470","1910","2559","4469","1979","2550","4587"
"2320",PR13,NORTH ELEVATION,JOHNSTON,,"51",147538.74876300001,"1369","1926","3487","1108","2282","3492","1169","2322","3491","1009","2320","3329","877","2530","3407","1005","2435","3440","994","2438","3432","1208","2256","3464","1196","2254","3450","982","2442","3424","1053","2452","3534"
"2321",PR14,SOUTH ELEVATION,JOHNSTON,,"51",151072.42742800000,"650","1498","2281","494","1719","2283","529","1761","2290","447","1760","2207","358","1891","2249","427","1840","2267","425","1832","2257","591","1675","2266","551","1709","2260","437","1819","2256","445","1859","2326"
"2322",PR16,JOHNSONVILLE,HARNETT,,"43",201891.08001000001,"1994","2101","4340","1841","2304","4347","1888","2451","4339","1769","2359","4128","1707","2420","4127","1812","2497","4309","1753","2537","4290","1927","2405","4332","1861","2452","4313","1793","2528","4321","1797","2568","4416"
"2323",PR19,MICRO,JOHNSTON,,"51",176021.00357599999,"570","1041","1687","483","1132","1681","499","1181","1680","455","1175","1630","411","1232","1643","449","1221","1670","438","1227","1665","531","1144","1675","523","1149","1672","464","1201","1665","444","1249","1709"
"2324",PR20,NORTH ONEALS,JOHNSTON,,"51",197820.70837000001,"1775","1972","3941","1533","2245","3915","1594","2317","3911","1473","2287","3760","1342","2470","3812","1480","2401","3881","1456","2408","3864","1631","2266","3897","1580","2297","3877","1455","2420","3875","1486","2469","3995"
"2325",PR20,STEWARTS CREEK,HARNETT,,"43",227621.68239999999,"1228","991","2317","1182","1065","2317","1222","1098","2320","1140","1080","2220","1116","1126","2242","1178","1120","2298","1162","1115","2277","1232","1076","2308","1202","1107","2309","1174","1131","2305","1158","1164","2343"
"2326",PR21,SOUTH ONEALS,JOHNSTON,,"51",137789.41659000001,"751","1708","2607","588","1911","2603","623","1972","2595","537","1972","2509","462","2090","2552","517","2068","2585","520","2048","2568","681","1914","2595","640","1937","2577","531","2052","2583","524","2114","2665"
"2327",PR22,PINE LEVEL,JOHNSTON,,"51",99574.12688640000,"858","1549","2533","709","1763","2548","750","1795","2545","656","1812","2468","566","1928","2494","650","1877","2527","646","1855","2501","841","1688","2529","771","1741","2512","664","1837","2501","637","1936","2600"
"2328",PR23,BOONE TRAIL,HARNETT,,"43",254374.17190799999,"1809","2732","4770","1536","3089","4779","1617","3149","4766","1442","3143","4585","1281","3359","4640","1422","3318","4740","1422","3285","4707","1785","2983","4768","1637","3111","4748","1471","3269","4740","1391","3379","4813"
"2329",PR23A,NORTH PLEASANT GROVE 1,JOHNSTON,,"51",93811.82677010000,"1697","2057","3984","1429","2411","3974","1485","2482","3967","1309","2469","3778","1153","2706","3859","1316","2617","3933","1295","2618","3913","1504","2437","3941","1478","2432","3910","1296","2616","3912","1331","2661","4043"
"2330",PR23B,NORTH PLEASANT GROVE 2,JOHNSTON,,"51",100850.79437900000,"1385","1725","3312","1173","1992","3295","1221","2085","3306","1093","2040","3133","957","2239","3196","1113","2161","3274","1063","2201","3264","1236","2048","3284","1195","2070","3265","1105","2163","3268","1116","2200","3364"
"2331",PR24,EAST SELMA,JOHNSTON,,"51",148497.42903900001,"1077","544","1717","996","646","1703","1020","683","1703","972","676","1648","941","723","1664","979","715","1694","962","718","1680","1066","632","1698","1023","663","1686","968","708","1676","987","744","1756"
"2332",PR24,COATS/GROVE,HARNETT,,"43",171701.14910099999,"1772","3244","5319","1463","3728","5350","1539","3807","5346","1333","3844","5177","1227","4007","5234","1359","3953","5312","1344","3923","5267","1783","3567","5350","1549","3766","5315","1374","3935","5309","1342","4041","5430"
"2333",PR25,,HARNETT,,"43",127291.38036600000,"1236","1152","2471","1134","1281","2476","1160","1311","2471","1103","1295","2398","1048","1370","2418","1101","1356","2457","1090","1347","2437","1271","1200","2471","1166","1282","2448","1121","1334","2455","1088","1379","2486"
"2334",PR25,,JOHNSTON,,"51",99191.65425860000,"1044","728","1857","949","828","1839","963","875","1838","912","869","1781","873","925","1798","913","907","1820","920","891","1811","986","840","1826","985","833","1818","922","888","1810","923","954","1898"
"2272",PHA1,PINEHURST A1,MOORE,,"63",54096.28826970000,"1301","1179","2673","1059","1532","2672","1094","1598","2692","948","1590","2538","884","1681","2565","914","1706","2620","908","1688","2596","1080","1569","2649","1074","1574","2648","932","1688","2620","1048","1665","2743"
"2367",PRWA,WILSON A,WILSON,,"98",18540.51134700000,"444","87","555","438","99","555","451","103","554","430","102","532","420","113","533","441","107","548","441","106","547","450","101","551","453","98","551","445","105","550","452","104","562"
"2273",PHA2,PINEHURST A2,MOORE,,"63",72843.37292830000,"937","836","1900","726","1194","1953","769","1190","1959","608","1278","1886","574","1314","1888","603","1307","1910","579","1301","1880","747","1186","1933","733","1180","1913","607","1304","1911","704","1260","1979"
"2368",PRWB,WILSON B,WILSON,,"98",23779.90392740000,"523","63","610","530","59","611","535","70","605","530","56","586","525","61","586","525","77","602","527","73","600","536","71","607","537","69","606","540","69","609","546","62","618"
"2369",PRWC,WILSON C,WILSON,,"98",18955.20513260000,"907","117","1050","914","116","1057","923","124","1047","899","126","1025","888","134","1022","909","136","1045","914","125","1039","934","120","1054","922","125","1047","917","131","1048","921","131","1062"
"2275",PHB2,PINEHURST B2,MOORE,,"63",58697.51003560000,"1009","836","1975","757","1213","2005","815","1204","2019","646","1287","1933","612","1339","1951","644","1325","1969","622","1329","1951","775","1230","2005","794","1187","1981","643","1341","1984","738","1285","2041"
"2370",PRWD,WILSON D,WILSON,,"98",22729.50434740000,"731","542","1345","644","692","1362","621","740","1361","544","774","1318","464","866","1330","521","828","1349","534","803","1337","681","672","1353","651","690","1341","535","806","1341","566","793","1376"
"2276",PHC,PINEHURST C,MOORE,,"63",59354.18759100000,"1780","1523","3504","1493","1945","3528","1540","1993","3533","1346","2044","3390","1260","2155","3415","1320","2162","3482","1292","2157","3449","1516","1997","3513","1523","1970","3493","1351","2140","3491","1503","2060","3602"
"2277",PINET,PINETOWN,BEAUFORT,,"7",207899.52206900000,"138","556","717","106","595","722","120","599","719","99","600","699","77","636","713","103","617","720","88","622","710","131","589","720","123","598","721","92","621","713","91","640","733"
"2280",PLEASA,PLEASANT GARDENS,MCDOWELL,,"59",179160.02196799999,"549","1028","1659","408","1206","1662","447","1221","1668","386","1215","1601","336","1281","1617","379","1272","1651","384","1255","1639","417","1236","1653","436","1215","1651","394","1252","1646","393","1283","1690"
"2281",PLVW,PLAINVIEW,SAMPSON,,"82",146827.56427400000,"493","1533","2121","367","1712","2126","396","1727","2123","335","1737","2072","290","1818","2108","331","1793","2124","344","1774","2118","478","1654","2132","404","1704","2108","331","1766","2097","334","1804","2155"
"2376",PRWL,WILSON L,WILSON,,"98",25572.86280500000,"1092","661","1806","1018","778","1826","968","858","1826","905","863","1768","844","933","1777","899","915","1814","901","893","1794","1045","779","1824","1017","797","1814","915","898","1813","923","904","1841"
"2282",PNTH,Piedmont North,PERSON,,"73",81921.03089540002,"1576","1093","2786","1450","1190","2739","1513","1256","2769","1421","1236","2657","1337","1331","2668","1412","1289","2701","1384","1269","2653","1532","1209","2741","1517","1213","2730","1431","1265","2696","1440","1406","2878"
"2283",POLK,POLKTON,ANSON,,"4",192708.71152200000,"265","328","623","249","348","611","244","365","609","235","347","582","229","367","596","231","376","607","220","386","606","251","355","606","242","365","607","235","370","605","233","389","629"
"2284",POLKVL,POLKVL,CLEVELAND,,"23",202485.80803799999,"509","1378","1980","403","1542","1985","437","1545","1982","373","1542","1915","329","1613","1942","360","1595","1955","347","1588","1935","405","1558","1963","415","1552","1967","369","1586","1955","354","1665","2028"
"2285",PP,POWELLS POINT,CURRITUCK,,"27",203047.90292800000,"483","930","1474","456","965","1466","482","983","1465","452","959","1411","413","1007","1420","453","996","1449","431","1006","1437","488","973","1461","451","996","1447","448","997","1445","453","1033","1497"
"2287",PR,PARK RIDGE,HENDERSON,,"45",85631.29859070000,"1052","1076","2251","898","1277","2245","961","1277","2238","867","1279","2146","852","1329","2181","867","1352","2219","852","1364","2216","918","1311","2229","912","1319","2231","859","1369","2228","904","1331","2265"
"2288",PR,PROVIDENCE,RANDOLPH,,"76",177955.69023700000,"1119","3259","4601","764","3723","4615","862","3768","4630","683","3827","4510","553","4000","4553","664","3946","4610","654","3924","4578","851","3764","4615","998","3608","4606","684","3920","4604","696","3951","4687"
"2311",PR08,BLACK RIVER,HARNETT,,"43",131612.02442500001,"3342","3278","7051","2873","3913","7060","2999","4061","7060","2739","3974","6713","2531","4271","6802","2721","4275","6996","2708","4262","6970","3139","3909","7048","2993","4015","7008","2767","4231","6998","2782","4292","7159"
"2312",PR08,SOUTH BOON HILL,JOHNSTON,,"51",151466.62467600001,"438","1218","1736","326","1350","1726","350","1375","1725","271","1403","1674","240","1468","1708","276","1447","1723","285","1430","1715","408","1323","1731","338","1361","1699","274","1440","1714","264","1484","1761"
"2313",PR09,EAST CLAYTON,JOHNSTON,,"51",88952.59370509999,"2777","2141","5222","2380","2650","5215","2493","2737","5230","2223","2776","4999","2087","2993","5080","2241","2910","5151","2206","2926","5132","2476","2701","5177","2504","2654","5158","2218","2917","5135","2335","2936","5334"
"2314",PR10A,NORTH CLAYTON 1,JOHNSTON,,"51",57896.46800030000,"1804","902","2849","1688","1063","2844","1718","1129","2847","1590","1149","2739","1470","1294","2764","1595","1220","2815","1598","1194","2792","1706","1114","2820","1712","1101","2813","1596","1212","2808","1645","1229","2907"
"2315",PR10B,NORTH CLAYTON 2,JOHNSTON,,"51",75933.43185470000,"1495","1050","2707","1309","1319","2709","1354","1361","2715","1211","1358","2569","1087","1534","2621","1189","1459","2648","1178","1454","2632","1361","1317","2678","1325","1344","2669","1187","1460","2647","1284","1445","2764"
"2316",PR11A,WEST CLAYTON 1,JOHNSTON,,"51",75718.81899850002,"1276","1102","2520","1094","1331","2524","1167","1364","2531","1050","1351","2401","962","1498","2460","1048","1450","2498","1057","1429","2486","1155","1347","2502","1125","1367","2492","1058","1436","2494","1061","1484","2572"
"2317",PR11B,WEST CLAYTON 2,JOHNSTON,,"51",66142.17862170000,"2559","1605","4422","2314","1956","4421","2387","2026","4413","2220","2035","4255","2053","2234","4287","2199","2155","4354","2189","2140","4329","2377","2010","4387","2355","2007","4362","2203","2150","4353","2275","2164","4492"
"2335",PR26,ERWIN/DUKE,HARNETT,,"43",126136.74816200000,"1190","1794","3139","981","2096","3165","1034","2119","3153","926","2113","3039","860","2225","3085","927","2214","3141","930","2182","3112","1189","1975","3164","1027","2116","3143","954","2186","3140","926","2261","3210"
"2336",PR26,EAST SMITHFIELD,JOHNSTON,,"51",148123.10577500000,"1041","571","1687","985","644","1678","1001","672","1673","960","649","1609","891","740","1631","936","714","1650","956","685","1641","1038","627","1665","1017","634","1651","961","681","1642","979","727","1719"
"2337",PR27A,NORTH SMITHFIELD 1,JOHNSTON,,"51",56159.96799310000,"738","480","1284","646","569","1264","694","577","1271","639","581","1220","589","651","1240","624","629","1253","639","605","1244","729","539","1268","680","569","1249","643","604","1247","658","654","1319"
"2338",PR27B,NORTH SMITHFIELD 2,JOHNSTON,,"51",102762.55928300000,"1048","1007","2206","909","1211","2206","940","1266","2206","858","1249","2107","798","1337","2135","860","1329","2189","841","1336","2177","979","1213","2192","941","1245","2186","849","1339","2188","861","1370","2256"
"2380",PRWQ,WILSON Q,WILSON,,"98",18297.09883330000,"357","20","389","367","15","394","374","17","391","364","17","381","360","19","379","371","19","390","368","22","390","370","19","389","372","21","393","374","18","392","370","22","397"
"2339",PR28,NORTHWEST HARNETT,HARNETT,,"43",185781.98262500000,"2743","3562","6665","2334","4126","6659","2463","4205","6668","2187","4190","6377","2009","4477","6486","2190","4405","6595","2141","4434","6575","2512","4119","6631","2423","4200","6623","2180","4429","6609","2252","4425","6755"
"2340",PR28,SOUTH SMITHFIELD,JOHNSTON,,"51",112274.78223899999,"1638","1561","3389","1369","1906","3398","1432","1968","3400","1250","1995","3245","1087","2210","3297","1203","2155","3358","1236","2083","3319","1523","1847","3370","1466","1890","3356","1268","2076","3344","1305","2122","3469"
"2341",PR29,WEST AVERASBORO,HARNETT,,"43",116835.67651900000,"1609","1742","3553","1360","2104","3588","1440","2157","3597","1292","2167","3459","1165","2323","3488","1285","2284","3569","1282","2256","3538","1656","1945","3601","1449","2096","3545","1303","2263","3566","1293","2302","3631"
"2342",PR29A,ARCHERS LODGE,JOHNSTON,,"51",121621.47723500000,"2937","2636","5979","2517","3227","5968","2618","3358","5976","2353","3336","5689","2136","3653","5789","2342","3570","5912","2321","3563","5884","2596","3330","5926","2621","3290","5911","2306","3584","5890","2443","3555","6082"
"2343",PR29B,FLOWERS PLANTATION,JOHNSTON,,"51",99615.48765650000,"6470","4769","11826","5610","5820","11794","5839","5980","11819","5251","6051","11302","4965","6454","11419","5322","6352","11674","5210","6417","11627","5764","5965","11729","5767","5892","11659","5268","6373","11641","5573","6321","12030"
"2344",PR30,WILSONS MILLS,JOHNSTON,,"51",120769.64914900000,"2028","1462","3687","1834","1707","3669","1882","1789","3671","1747","1766","3513","1642","1926","3568","1725","1907","3632","1728","1884","3612","1893","1752","3645","1876","1757","3633","1732","1881","3613","1782","1910","3743"
"2345",PR31,CENTRAL HARNETT LILLINGTON,HARNETT,,"43",188124.16990800001,"1082","792","1974","1012","891","1966","1028","934","1962","953","927","1880","868","1038","1906","954","999","1953","947","988","1935","1123","850","1973","1029","928","1957","970","989","1959","977","1025","2013"
"2346",PR31A,SOUTHEAST CLEVELAND,JOHNSTON,,"51",102706.06366000000,"1404","1426","3005","1232","1662","2998","1292","1716","3008","1161","1699","2860","1050","1859","2909","1159","1809","2968","1167","1790","2957","1304","1674","2978","1275","1683","2958","1170","1788","2958","1197","1833","3071"
"2347",PR31B,SOUTHWEST CLEVELAND,JOHNSTON,,"51",95561.61620360000,"3049","2381","5762","2643","2912","5735","2731","2996","5727","2480","3016","5496","2253","3319","5572","2455","3232","5687","2444","3206","5650","2744","2970","5714","2724","2963","5687","2456","3203","5659","2597","3160","5836"
"2348",PR32,NORTH WILDERS,JOHNSTON,,"51",132410.61516200000,"1337","1521","3049","1104","1810","3022","1179","1866","3045","1029","1849","2878","935","2008","2943","1028","1982","3010","1006","1979","2985","1182","1839","3021","1166","1849","3015","1032","1964","2996","1066","2012","3107"
"2349",PR32,CENTRAL HARNETT NEILLS CREEK,HARNETT,,"43",132037.32400900000,"1472","1952","3643","1231","2278","3639","1294","2351","3645","1171","2313","3484","1055","2512","3567","1196","2420","3616","1175","2423","3598","1451","2192","3643","1346","2277","3623","1187","2415","3602","1187","2470","3701"
"2350",PR33,SOUTH PLEASANT GROVE,JOHNSTON,,"51",128691.10743800001,"1225","2139","3618","979","2518","3626","1019","2610","3629","896","2583","3479","790","2769","3559","897","2708","3605","895","2690","3585","1111","2504","3615","1040","2553","3593","909","2677","3586","925","2750","3703"
"2351",PR34,SOUTH CLAYTON,JOHNSTON,,"51",102432.39769600000,"3067","1950","5339","2792","2326","5315","2906","2423","5329","2663","2420","5083","2510","2620","5130","2680","2566","5246","2667","2565","5232","2899","2384","5283","2839","2420","5259","2674","2573","5247","2717","2640","5418"
"2352",PR35,BANNER,JOHNSTON,,"51",168780.27164600001,"1482","2522","4216","1234","2854","4220","1295","2933","4228","1156","2934","4090","995","3156","4151","1142","3061","4203","1143","3038","4181","1427","2787","4214","1292","2892","4184","1148","3028","4176","1190","3065","4280"
"2353",PR36,BEULAH,JOHNSTON,,"51",201850.16200600000,"867","1518","2512","756","1653","2493","775","1718","2493","662","1731","2393","569","1871","2440","633","1839","2472","648","1793","2441","801","1677","2478","788","1660","2448","654","1791","2445","684","1854","2560"
"2354",PR37,INGRAMS,JOHNSTON,,"51",249248.02651299999,"1139","1946","3236","908","2237","3240","967","2277","3244","827","2326","3153","705","2484","3189","786","2430","3216","813","2393","3206","1087","2148","3235","993","2216","3209","841","2359","3200","834","2437","3300"
"2355",PR38,MEADOW,JOHNSTON,,"51",158451.73371999999,"398","1237","1719","297","1377","1731","323","1400","1723","273","1402","1675","202","1485","1687","255","1465","1720","253","1456","1709","369","1355","1724","358","1358","1716","266","1445","1711","261","1489","1762"
"2356",PRBL,BLACK CREEK,WILSON,,"98",182755.35192099999,"695","1303","2084","633","1405","2088","621","1462","2083","550","1474","2024","510","1531","2041","533","1536","2069","540","1510","2050","636","1443","2079","612","1459","2071","547","1523","2070","538","1571","2121"
"2357",PRCR,CROSSROADS,WILSON,,"98",147113.92972099999,"605","1042","1711","598","1091","1718","547","1171","1718","495","1172","1667","461","1237","1698","502","1206","1708","489","1207","1696","610","1110","1720","558","1156","1714","507","1204","1711","495","1239","1741"
"2358",PRGA,GARDNERS,WILSON,,"98",153716.60455399999,"783","827","1669","757","879","1672","754","916","1670","727","911","1638","694","963","1657","721","949","1670","721","935","1656","789","884","1673","771","899","1670","737","931","1668","717","967","1691"
"2359",PRO,PROVIDENCE,PASQUOTANK,,"70",245637.82104400001,"1330","2417","3856","1295","2432","3849","1319","2509","3828","1270","2419","3689","1187","2539","3726","1287","2521","3808","1244","2545","3789","1360","2462","3822","1323","2499","3822","1289","2526","3815","1271","2594","3899"
"2360",PROL,OLDFIELDS,WILSON,,"98",195161.25183299999,"1231","2080","3417","1116","2225","3424","1031","2389","3420","936","2388","3324","843","2530","3373","915","2488","3403","930","2446","3376","1138","2266","3404","1098","2301","3399","959","2440","3399","919","2512","3455"
"2361",PROVI,PROVIDENCE,CASWELL,,"17",103716.10170000000,"254","339","616","229","367","615","235","378","613","216","377","593","197","407","604","214","396","610","213","395","608","236","375","611","233","382","615","210","401","611","215","408","627"
"2362",PRSA,SARATOGA,WILSON,,"98",160982.46226700000,"394","322","742","374","345","744","368","374","742","349","369","718","324","397","721","346","388","734","343","388","731","394","345","739","375","362","737","352","386","738","354","395","756"
"2363",PRSP,SPRING HILL,WILSON,,"98",160351.97133400000,"621","1001","1663","600","1041","1674","531","1129","1660","504","1103","1607","444","1182","1626","493","1165","1658","496","1140","1636","594","1071","1665","548","1107","1655","495","1152","1647","487","1191","1687"
"2364",PRST,STANTONSBURG,WILSON,,"98",136321.59067000001,"554","401","994","538","437","999","533","460","993","507","462","969","485","495","980","505","487","992","505","472","977","559","439","998","532","456","988","514","480","994","514","506","1024"
"2365",PRTA,TAYLORS,WILSON,,"98",114387.95268600000,"2761","2130","5071","2543","2473","5107","2481","2613","5094","2340","2641","4981","2178","2826","5004","2314","2753","5067","2313","2717","5030","2616","2470","5086","2556","2509","5065","2334","2732","5066","2343","2775","5164"
"2366",PRTO,TOISNOT,WILSON,,"98",173522.62161400000,"1326","1340","2748","1245","1457","2766","1241","1514","2755","1176","1515","2691","1117","1597","2714","1157","1584","2741","1162","1556","2718","1314","1438","2752","1253","1500","2753","1167","1578","2745","1171","1605","2797"
"2371",PRWE,WILSON E,WILSON,,"98",61367.64559830000,"600","222","852","603","229","853","607","245","852","578","249","827","553","270","823","583","267","850","580","256","836","606","242","848","601","248","849","597","251","848","597","261","865"
"2413",RR 10,ROANOKE RAPIDS 10,HALIFAX,,"42",41149.79404280000,"832","851","1725","718","976","1724","751","971","1722","676","985","1661","620","1063","1683","672","1043","1715","669","1024","1693","768","941","1709","774","945","1719","668","1014","1682","675","1066","1754"
"2372",PRWH,WILSON H,WILSON,,"98",64444.80678440000,"407","48","473","424","31","477","419","52","471","422","30","452","412","39","451","424","44","468","419","48","467","421","47","468","429","41","470","428","40","468","434","46","484"
"2373",PRWI,WILSON I,WILSON,,"98",48243.55176330000,"818","250","1101","806","276","1106","804","289","1093","781","289","1070","763","298","1061","785","308","1093","777","301","1078","815","281","1096","808","290","1098","797","301","1098","798","317","1125"
"2374",PRWJ,WILSON J,WILSON,,"98",51564.81446670000,"1838","866","2800","1804","951","2820","1786","1025","2811","1716","1017","2733","1641","1113","2754","1716","1071","2787","1701","1063","2764","1821","980","2801","1785","1002","2787","1733","1059","2792","1741","1087","2851"
"2375",PRWK,WILSON K,WILSON,,"98",25073.95102230000,"691","501","1245","630","608","1259","595","663","1258","542","669","1211","473","766","1239","521","720","1241","529","696","1225","650","613","1263","627","619","1246","545","705","1250","546","706","1269"
"2377",PRWM,WILSON M,WILSON,,"98",48306.87159200000,"1977","1240","3331","1865","1429","3347","1837","1504","3341","1752","1505","3257","1650","1633","3283","1724","1600","3324","1723","1574","3297","1907","1426","3333","1877","1441","3318","1754","1570","3324","1740","1598","3372"
"2418",RRCE,ROANOKE RAPIDS CENTRAL,HALIFAX,,"42",38953.04963530000,"810","1033","1905","745","1098","1891","789","1110","1899","740","1101","1841","700","1143","1843","722","1172","1894","739","1144","1883","800","1085","1885","762","1124","1886","736","1133","1869","725","1196","1930"
"2378",PRWN,WILSON N,WILSON,,"98",64582.62542340000,"1374","108","1518","1377","112","1522","1387","126","1513","1382","109","1491","1354","131","1485","1380","126","1506","1363","138","1501","1405","115","1520","1400","119","1519","1392","125","1517","1401","129","1548"
"2379",PRWP,WILSON P,WILSON,,"98",29811.74288720000,"665","526","1247","602","635","1259","592","671","1263","538","683","1221","484","749","1233","518","727","1245","519","718","1237","616","634","1250","599","654","1253","535","713","1248","565","710","1284"
"2381",PRWR,WILSON R,WILSON,,"98",74428.81397570000,"763","102","892","766","101","887","779","108","887","765","102","867","757","107","864","771","109","880","760","113","873","779","109","888","772","110","882","773","111","884","771","119","898"
"2449",SCLAY,SCLAY,GUILFORD,,"41",91436.84419130000,"527","1108","1735","418","1269","1743","438","1307","1745","361","1327","1688","297","1432","1729","346","1394","1740","360","1359","1719","450","1282","1732","503","1232","1735","378","1346","1724","391","1373","1773"
"2450",SCRK,SCRK,VANCE,,"91",135635.35382100000,"1652","1150","2882","1543","1249","2866","1600","1274","2874","1525","1250","2775","1482","1325","2807","1543","1301","2844","1530","1294","2824","1638","1224","2862","1574","1259","2833","1562","1279","2841","1559","1364","2946"
"2451",SDC,SSW_SND,JACKSON,,"50",167872.27295799999,"2433","1831","4469","2192","2088","4433","2258","2195","4453","2101","2164","4265","1973","2323","4296","2099","2304","4403","2052","2346","4398","2232","2202","4434","2226","2196","4422","2119","2295","4414","2117","2331","4509"
"2382",PSJW3,P S JONES-WASH W3,BEAUFORT,,"7",39662.81702380000,"673","206","910","649","237","911","667","243","910","644","246","890","627","255","882","651","261","912","632","260","892","678","238","916","659","250","909","648","256","904","653","269","932"
"2383",PV,PISGAH VIEW,HENDERSON,,"45",64553.98139080000,"999","673","1751","851","845","1738","886","867","1753","812","870","1682","763","929","1692","813","914","1727","795","931","1726","866","881","1747","851","886","1737","809","920","1729","848","877","1744"
"2384",QUA,QUALLA,JACKSON,,"50",209156.95228100001,"1330","1057","2529","1195","1230","2517","1239","1279","2518","1173","1260","2433","1104","1322","2426","1171","1337","2508","1142","1355","2497","1217","1304","2521","1199","1305","2504","1166","1339","2505","1160","1357","2562"
"2474",SHCR,SHOOTING CREEK,CLAY,,"22",269054.26984099997,"224","834","1099","212","858","1096","210","887","1097","196","853","1049","191","867","1058","194","884","1078","192","887","1079","215","874","1089","208","875","1083","193","882","1075","195","906","1112"
"2475",SHIN,Voting District 00SHIN,GREENE,,"40",157005.88577500000,"472","681","1184","447","708","1178","459","719","1178","422","714","1136","388","763","1151","424","751","1175","405","748","1153","479","695","1174","471","699","1170","423","740","1163","406","788","1203"
"2476",SJ,ST JOHN,HERTFORD,,"46",158648.09771900001,"299","202","512","304","195","505","302","198","500","297","194","491","289","202","491","303","200","503","289","205","494","312","194","506","295","199","494","301","199","500","300","210","513"
"2477",SJ,ST JOHN,ORANGE,,"68",103566.03561599999,"2181","251","2504","2094","370","2507","2108","395","2503","2028","410","2438","1949","498","2447","2041","449","2490","2016","460","2476","2119","380","2499","2078","404","2482","2009","476","2485","2101","405","2527"
"2478",SK,SKINNERSVILLE,WASHINGTON,,"94",396800.95318000001,"286","362","664","284","364","660","296","368","664","273","368","641","266","382","648","276","383","659","269","384","653","298","361","659","296","366","662","278","378","656","277","401","681"
"2479",SKNB,SOUTH KNOBS,YADKIN,,"99",135562.54723500001,"191","712","949","130","812","957","149","810","959","117","812","929","93","852","945","109","835","944","113","830","943","128","826","954","173","778","951","111","841","952","115","858","978"
"2480",SL24,SALEM,LINCOLN,,"55",72594.32372760000,"422","934","1440","370","1041","1449","387","1065","1452","352","1037","1389","337","1056","1393","341","1092","1433","332","1093","1425","386","1056","1442","369","1056","1425","347","1084","1431","333","1128","1474"
"2387",RBN,ROBBINS,MOORE,,"63",126534.67202400000,"292","615","948","251","672","952","265","685","950","235","687","922","212","726","938","231","715","946","238","696","934","269","680","949","271","672","943","244","696","940","232","729","967"
"2388",RC,ROCK CENTRAL,ROCKINGHAM,,"79",237535.04739399999,"1335","2514","4025","1076","2823","4020","1156","2874","4030","1025","2851","3876","829","3129","3958","992","2991","3983","995","2948","3943","1189","2809","3998","1255","2742","3997","1017","2968","3985","1029","3036","4090"
"2389",RC1,RC1,GUILFORD,,"41",129274.05997300000,"2247","1071","3484","2055","1320","3468","2106","1356","3462","2002","1355","3357","1843","1545","3388","1988","1449","3437","1964","1457","3421","2104","1330","3434","2143","1313","3456","1988","1443","3431","2035","1431","3513"
"2390",RC2,RC2,GUILFORD,,"41",135127.13282500001,"2914","1690","4850","2665","2028","4836","2747","2089","4836","2568","2065","4633","2397","2310","4707","2594","2174","4768","2580","2177","4757","2727","2052","4779","2798","2000","4798","2581","2190","4771","2632","2218","4913"
"2392",RE,ROSMAN EASTATOE,TRANSYLVANIA,,"88",143507.29580600001,"473","1064","1613","387","1174","1618","403","1215","1618","383","1195","1578","340","1246","1586","369","1241","1610","362","1239","1601","406","1209","1615","404","1209","1613","369","1238","1607","365","1262","1646"
"2393",RE,ROGER EUBANKS,ORANGE,,"68",60903.59489840000,"2504","360","2946","2385","492","2917","2398","499","2897","2288","517","2805","2242","597","2839","2331","539","2870","2291","571","2862","2395","491","2886","2346","517","2863","2248","614","2862","2396","516","2956"
"2394",REVERE,RICE COVE,MADISON,,"57",109541.97996800000,"111","83","207","102","88","204","107","97","204","100","93","193","94","96","190","98","105","203","104","99","203","106","98","204","99","105","204","99","104","203","91","112","204"
"2395",RF,RIDGEFIELD,ORANGE,,"68",28621.50027510000,"1665","184","1899","1581","294","1902","1596","298","1894","1508","308","1816","1460","375","1835","1522","347","1869","1500","357","1857","1578","300","1878","1567","310","1877","1479","387","1866","1585","317","1932"
"2396",RG,RUGBY,HENDERSON,,"45",51613.16016230000,"965","872","1924","808","1064","1926","855","1089","1944","769","1074","1843","688","1185","1873","748","1168","1916","741","1174","1915","826","1101","1927","812","1102","1914","757","1159","1916","813","1115","1951"
"2397",RGER,RANGER,CHEROKEE,,"20",156105.59130000000,"354","1127","1532","342","1150","1523","347","1183","1530","332","1152","1484","319","1171","1490","333","1182","1515","333","1184","1517","353","1174","1527","344","1175","1519","333","1186","1519","341","1189","1548"
"2398",RICH S,RICH SQUARE,NORTHAMPTON,,"66",254952.67074100001,"620","193","833","618","190","827","630","203","833","608","207","815","595","223","818","610","224","834","619","209","828","635","197","832","621","209","830","616","209","825","620","223","848"
"2399",RINGW,RINGWOOD,HALIFAX,,"42",235509.48749000000,"847","99","953","840","100","948","838","108","946","824","112","936","825","115","940","834","116","950","830","120","950","843","108","951","841","115","956","837","113","950","821","128","954"
"10078","601",PIEDMONT BAPTIST COLLEGE,FORSYTH,,"34",25932.87019620000,"959","148","1156","910","214","1163","923","238","1161","870","230","1100","838","269","1107","895","250","1145","883","259","1142","928","228","1156","928","227","1155","884","258","1142","915","240","1176"
"2400",RIPPY,RIPPY,CLEVELAND,,"23",107640.96862000000,"1007","1584","2721","894","1771","2733","915","1817","2732","862","1793","2655","812","1836","2648","834","1876","2710","824","1870","2694","899","1817","2716","894","1819","2713","845","1865","2710","845","1904","2769"
"2401",RIV,RIVER,JACKSON,,"50",147816.78212300001,"282","326","636","239","382","640","253","387","640","237","386","623","222","406","628","229","411","640","234","405","639","250","392","642","245","394","639","236","405","641","218","415","642"
"2402",RL09,RICHLANDS,ONSLOW,,"67",230547.92052799999,"1488","2940","4685","1216","3200","4629","1302","3311","4613","1157","3208","4365","1027","3386","4413","1150","3374","4524","1070","3421","4491","1305","3290","4595","1305","3245","4550","1137","3390","4527","1156","3630","4825"
"2403",RM,RAMSEUR,RANDOLPH,,"76",152485.21838599999,"796","1363","2257","682","1531","2271","727","1535","2262","628","1572","2200","568","1650","2218","625","1619","2244","625","1606","2231","716","1549","2265","750","1500","2250","646","1602","2248","642","1645","2298"
"2404",RN,RANDLEMAN,RANDOLPH,,"76",137490.72949999999,"1388","2828","4506","1097","3249","4498","1160","3325","4485","1008","3335","4343","905","3490","4395","1011","3449","4460","1023","3406","4429","1149","3324","4473","1254","3213","4467","1011","3436","4447","1039","3505","4570"
"2405",ROC,ROCKY SPRINGS,MONTGOMERY,,"62",164203.40304000000,"299","201","520","291","216","517","297","218","515","285","218","503","273","231","504","281","229","510","282","227","509","303","213","516","304","210","514","293","219","512","289","231","522"
"2406",ROCK,ROCKFISH,DUPLIN,,"31",182137.20964900000,"284","378","686","279","394","689","286","403","689","271","400","671","255","417","672","270","416","686","265","417","682","292","396","688","280","408","688","268","418","686","272","431","706"
"2407",ROSE,ROSEBORO,SAMPSON,,"82",263243.56418300001,"338","731","1115","282","783","1101","316","782","1098","280","789","1069","265","809","1074","278","813","1091","277","812","1089","307","786","1093","303","793","1096","282","798","1080","285","841","1130"
"2408",ROSE,ROSE HILL,DUPLIN,,"31",130862.46645500000,"562","551","1155","536","589","1156","553","607","1160","516","595","1111","501","629","1130","521","624","1145","512","625","1137","556","592","1148","551","592","1143","523","620","1143","540","638","1182"
"2409",ROWA,ROWAN,SAMPSON,,"82",208312.37467200001,"475","635","1145","420","705","1148","433","706","1139","405","695","1100","373","755","1128","397","732","1129","400","720","1120","452","682","1134","444","688","1132","400","714","1114","417","768","1191"
"2545",TLT,TAYLORTOWN,MOORE,,"63",40293.30418480000,"281","85","378","265","102","376","270","104","374","251","110","361","240","118","358","250","121","371","246","117","363","268","109","377","273","101","374","263","110","373","263","111","382"
"2411",RP20,ROCKY POINT,PENDER,,"71",365373.66608599998,"676","743","1493","631","830","1503","633","866","1499","586","861","1447","579","866","1445","614","878","1492","574","893","1467","627","869","1496","629","865","1494","578","911","1489","596","909","1520"
"2412",RR,RAVEN ROCK,HENDERSON,,"45",111583.41234700000,"383","469","886","330","526","885","362","529","891","314","532","846","299","555","854","323","558","881","324","554","878","343","541","884","341","537","878","330","554","884","320","552","885"
"2414",RR 11,ROANOKE RAPIDS 11,HALIFAX,,"42",92492.85976599999,"784","949","1775","710","1027","1770","715","1052","1767","675","1041","1716","659","1088","1747","681","1088","1769","678","1077","1755","758","1006","1764","737","1028","1765","682","1070","1752","669","1107","1785"
"2415",RR1-2,ROANOKE RAPIDS 1-2,HALIFAX,,"42",33852.44960690000,"346","382","764","317","426","766","318","445","763","303","435","738","288","449","737","296","466","762","298","457","755","331","428","759","322","434","756","298","453","751","303","459","771"
"2416",RR3-4,ROANOKE RAPIDS 3-4,HALIFAX,,"42",40052.68981600000,"535","850","1435","450","940","1437","469","957","1426","420","960","1380","401","996","1397","420","1004","1424","435","978","1413","506","919","1425","503","920","1423","438","969","1407","423","1033","1463"
"2417",RR7-9,ROANOKE RAPIDS 7-9,HALIFAX,,"42",117636.56008800000,"1757","605","2427","1727","645","2425","1742","668","2410","1682","670","2352","1653","699","2352","1688","732","2420","1709","693","2402","1748","665","2413","1730","691","2421","1702","704","2406","1698","734","2452"
"2419",RVRD,RIVER ROAD,BEAUFORT,,"7",62401.63971330000,"692","845","1604","581","992","1617","630","983","1613","527","1027","1554","477","1099","1576","530","1081","1611","529","1058","1587","643","971","1614","645","959","1604","523","1076","1599","549","1070","1633"
"2420",RX,ROXOBEL,BERTIE,,"8",206331.12564700001,"533","168","730","535","167","726","550","174","724","537","169","706","527","179","706","544","180","724","529","187","716","553","175","728","549","178","727","542","183","725","555","191","751"
"2421",S 4A,Shelby 4,CLEVELAND,,"23",140450.44709400000,"1744","1462","3359","1619","1685","3369","1683","1700","3383","1546","1708","3254","1477","1814","3291","1532","1811","3343","1510","1802","3312","1641","1722","3363","1625","1727","3352","1535","1804","3339","1555","1838","3416"
"2422",S 5,S 5,CLEVELAND,,"23",117160.89061800000,"1064","828","1996","959","989","2001","993","1009","2002","919","998","1917","884","1048","1932","916","1064","1980","890","1082","1972","973","1017","1990","967","1026","1993","902","1074","1976","932","1084","2026"
"2570",W03,W03,NEW HANOVER,,"65",34577.64620950000,"1263","190","1541","1229","256","1539","1259","279","1538","1187","258","1445","1182","290","1472","1225","298","1523","1207","303","1510","1245","282","1527","1248","281","1529","1209","314","1523","1224","311","1568"
"2423",S C,Shelby Central,CLEVELAND,,"23",69898.90479750000,"2801","1618","4682","2593","1981","4707","2670","2030","4700","2440","2060","4500","2357","2184","4541","2443","2206","4649","2419","2194","4613","2624","2057","4681","2610","2055","4665","2445","2192","4637","2510","2235","4794"
"2424",S S,Shelby South,CLEVELAND,,"23",120283.68187800000,"2230","1887","4320","2107","2148","4344","2150","2197","4347","2045","2154","4199","1971","2223","4194","2029","2280","4309","2000","2277","4277","2122","2197","4319","2095","2218","4313","2030","2276","4306","2036","2324","4398"
"2425",S1S2,SHARPES 1 2,ALEXANDER,,"2",178770.73719900000,"446","1530","2090","375","1630","2074","428","1650","2078","357","1633","1990","327","1703","2030","376","1693","2069","353","1699","2052","395","1673","2068","424","1639","2063","386","1670","2056","351","1757","2121"
"2426",SA,SAUNOOK,HAYWOOD,,"44",112985.51681900000,"801","873","1762","670","1030","1752","692","1075","1767","653","1030","1683","575","1133","1708","642","1111","1753","623","1114","1737","691","1067","1758","677","1078","1755","633","1115","1748","638","1126","1781"
"2427",SA04,SALUDA,POLK,,"75",157315.61194500001,"614","646","1331","553","729","1323","578","750","1328","533","719","1252","513","760","1273","537","760","1297","523","777","1300","561","751","1312","556","754","1310","532","774","1306","551","786","1350"
"2428",SAL,SALEM,PASQUOTANK,,"70",207757.44980599999,"288","699","1010","269","708","999","286","718","1004","254","711","965","234","737","971","266","728","994","259","731","990","299","695","994","292","701","993","264","724","988","257","746","1012"
"2429",SALM,Voting District 00SALM,GRANVILLE,,"39",134533.33277099999,"778","654","1488","687","775","1493","698","792","1490","649","783","1432","593","862","1455","627","849","1476","654","804","1458","751","730","1481","713","761","1474","659","810","1469","668","842","1516"
"2430",SANDY,SANDY MUSH,MADISON,,"57",133814.18510300000,"170","204","396","157","225","400","158","238","396","155","229","384","128","260","388","154","245","399","147","252","399","154","242","396","152","244","396","147","247","394","139","253","403"
"2431",SASS,Voting District 00SASS,GRANVILLE,,"39",204980.11138399999,"659","785","1510","577","889","1508","612","894","1506","551","905","1456","509","974","1483","540","950","1490","538","938","1476","632","870","1502","598","898","1496","563","929","1492","550","959","1523"
"2432",SAV,SAVANNAH,JACKSON,,"50",119086.63920900000,"398","491","935","337","576","939","364","577","941","324","586","910","311","603","914","328","603","931","310","624","934","349","589","938","340","594","934","325","612","937","315","610","939"
"2433",SB,SHARPESBURG,IREDELL,,"49",140303.65770099999,"335","1214","1622","259","1324","1620","287","1329","1616","236","1338","1574","199","1397","1596","232","1379","1611","221","1380","1601","272","1340","1612","322","1276","1598","243","1367","1610","232","1397","1640"
"2434",SB,SOUTH BLUE RIDGE,HENDERSON,,"45",118377.89719400000,"1127","1418","2685","896","1720","2688","968","1729","2697","877","1734","2611","799","1814","2613","866","1803","2669","838","1817","2655","949","1731","2680","909","1763","2672","862","1808","2670","906","1779","2713"
"2435",SB01,BOLIVIA,BRUNSWICK,,"10",231243.85178400000,"793","907","1810","701","1051","1813","741","1075","1816","664","1068","1732","658","1088","1746","678","1134","1812","691","1100","1791","738","1081","1819","737","1065","1802","673","1130","1803","690","1145","1849"
"2436",SB02,SOUTH BURGAW,PENDER,,"71",225128.60825399999,"1090","1261","2511","959","1480","2509","1006","1506","2512","944","1488","2432","867","1565","2432","936","1560","2496","890","1581","2471","983","1522","2505","964","1520","2484","908","1586","2494","917","1624","2567"
"2437",SB02,BOILING SPRING LAKES,BRUNSWICK,,"10",198894.53350100000,"1661","2325","4279","1336","2757","4283","1413","2855","4268","1185","2876","4061","1176","2920","4096","1265","2966","4231","1150","3063","4213","1371","2893","4264","1324","2898","4222","1162","3066","4228","1242","3091","4369"
"2438",SB03,MOSQUITO 2,BRUNSWICK,,"10",147577.60597500001,"4499","2879","7885","3556","4281","7985","3627","4365","7992","3077","4615","7692","3006","4691","7697","3172","4666","7838","2880","4871","7751","3360","4554","7914","3355","4458","7813","2984","4867","7851","3435","4559","8049"
"2439",SB04,SOUTHPORT 1,BRUNSWICK,,"10",329846.31337500003,"1591","1193","2980","1307","1604","2982","1345","1631","2976","1180","1685","2865","1115","1770","2885","1209","1739","2948","1152","1774","2926","1340","1632","2972","1267","1660","2927","1169","1771","2940","1277","1745","3051"
"2440",SB05,SOUTHPORT 2,BRUNSWICK,,"10",61925.12237770000,"1435","1171","2780","1200","1492","2779","1245","1518","2763","1098","1576","2674","1049","1637","2686","1112","1628","2740","1046","1667","2713","1236","1522","2758","1156","1581","2737","1067","1663","2730","1178","1633","2836"
"2441",SB06,OAK ISLAND 3,BRUNSWICK,,"10",69581.20455040000,"1328","1412","2944","1104","1770","2962","1133","1820","2953","960","1865","2825","915","1935","2850","999","1932","2931","916","1993","2909","1104","1846","2950","1085","1826","2911","940","1987","2927","1014","1956","3000"
"2442",SB07,OAK ISLAND 2,BRUNSWICK,,"10",249855.97825499999,"1288","1258","2738","1038","1636","2752","1095","1670","2765","895","1737","2632","887","1793","2680","964","1770","2734","881","1822","2703","1048","1699","2747","1002","1729","2731","885","1837","2722","969","1807","2795"
"2443",SB08,OAK ISLAND 1,BRUNSWICK,,"10",110229.73380300000,"946","795","1849","775","1036","1851","784","1068","1852","668","1090","1758","642","1141","1783","690","1125","1815","656","1140","1796","764","1081","1845","751","1054","1805","662","1147","1809","737","1125","1878"
"2444",SBCK,SOUTH BUCK SHOALS,YADKIN,,"99",118880.89864900000,"180","439","656","138","500","657","150","501","651","125","510","635","93","550","643","125","527","652","123","528","651","149","506","655","161","491","652","123","529","652","124","534","662"
"2445",SBRG,SALEMBURG,SAMPSON,,"82",179041.44923500001,"254","493","774","212","524","761","232","525","757","197","526","723","188","554","742","201","550","751","192","557","749","237","525","762","216","534","750","199","532","731","210","577","787"
"2446",SC,SCUPPERNONG,WASHINGTON,,"94",245813.75782900001,"322","485","828","291","517","829","310","520","830","291","512","803","259","558","817","292","533","825","286","533","819","331","494","825","310","512","822","291","529","820","273","560","840"
"2447",SC13,SURF CITY,PENDER,,"71",190624.36940200001,"1641","2044","3944","1334","2455","3926","1379","2547","3926","1190","2549","3739","1142","2650","3792","1223","2658","3881","1156","2689","3845","1340","2557","3897","1390","2499","3889","1181","2698","3879","1263","2734","4031"
"2448",SCC,SCOTTS CREEK COMBINED,JACKSON,,"50",156794.87637499999,"644","665","1383","540","797","1371","559","824","1383","532","798","1330","500","837","1337","524","846","1370","512","849","1361","568","807","1375","564","808","1372","528","841","1369","516","863","1399"
"2452",SDRI,SDRI,GUILFORD,,"41",113225.88723500000,"3137","2131","5516","2732","2688","5543","2825","2713","5538","2495","2815","5310","2297","3096","5393","2485","2979","5464","2450","2978","5428","2746","2719","5465","2932","2573","5505","2468","2981","5449","2669","2876","5630"
"2453",SE,SOUTHEAST,ROCKINGHAM,,"79",221356.84241400001,"1300","1641","3096","1210","1798","3099","1236","1867","3103","1156","1846","3002","1020","2040","3060","1159","1928","3087","1125","1949","3074","1267","1835","3102","1292","1806","3098","1164","1923","3087","1118","1981","3132"
"2454",SE,SOUTHEAST,RANDOLPH,,"76",222130.84271699999,"325","1297","1677","251","1398","1687","254","1427","1681","222","1413","1635","165","1482","1647","205","1461","1666","201","1457","1658","263","1407","1670","336","1327","1663","213","1452","1665","221","1482","1713"
"2455",SE,SOUTHEAST,HENDERSON,,"45",49496.61219740000,"505","553","1134","416","673","1135","458","680","1138","403","680","1083","386","706","1092","411","719","1130","407","721","1128","452","685","1137","442","686","1128","409","722","1131","418","722","1151"
"2456",SEABOA,SEABOARD,NORTHAMPTON,,"66",191536.54605899999,"392","192","598","377","209","598","383","210","593","376","207","583","367","224","591","376","222","598","380","217","597","384","213","597","387","208","595","381","219","600","379","229","610"
"2457",SEVERN,SEVERN,NORTHAMPTON,,"66",194550.14852399999,"110","132","247","96","142","242","101","142","243","94","146","240","90","156","246","96","151","247","94","143","237","117","128","245","105","139","244","89","148","237","99","148","248"
"2458",SF1,SF1,GUILFORD,,"41",88531.37244510000,"1416","1358","2976","1133","1767","2982","1256","1742","2998","1048","1780","2828","923","1990","2913","1049","1895","2944","1034","1911","2945","1199","1768","2967","1291","1685","2976","1033","1914","2947","1146","1852","3043"
"2653",WW1,WESTWOOD,ORANGE,,"68",26790.24741070000,"1843","118","2016","1752","218","1994","1790","206","1996","1709","230","1939","1658","295","1953","1714","259","1973","1704","262","1966","1762","224","1986","1768","202","1970","1689","285","1974","1776","218","2034"
"2654",YANC,YANCEYVILLE 2,CASWELL,,"17",208565.18823400000,"801","664","1514","760","704","1498","760","741","1501","744","720","1464","700","788","1488","740","762","1502","731","757","1488","793","711","1504","797","711","1508","736","754","1490","752","783","1550"
"9999","0001",DREXEL 01,BURKE,,"12",73531.39600700000,"841","1427","2393","737","1588","2390","774","1618","2392","672","1608","2280","638","1661","2299","689","1688","2377","674","1676","2350","752","1641","2393","724","1653","2377","697","1678","2375","672","1732","2423"
"2459",SF18,SNEADS FERRY,ONSLOW,,"67",115721.88470300000,"1534","3008","4956","1241","3430","4923","1311","3587","4898","1090","3455","4545","1030","3593","4623","1126","3663","4789","1031","3715","4746","1262","3600","4862","1201","3617","4818","1065","3725","4790","1176","3849","5080"
"2460",SF2,SF2,GUILFORD,,"41",85800.93535689999,"700","763","1563","546","969","1564","598","974","1572","488","994","1482","403","1138","1541","482","1065","1547","486","1053","1539","566","989","1555","623","936","1559","498","1040","1538","540","1052","1609"
"2461",SF3,SF3,GUILFORD,,"41",61418.12533510000,"1394","802","2332","1200","1086","2342","1243","1105","2348","1121","1137","2258","1022","1263","2285","1104","1202","2306","1115","1189","2304","1238","1080","2318","1294","1038","2332","1108","1198","2306","1207","1155","2386"
"2462",SF4,SF4,GUILFORD,,"41",67794.15329790000,"1699","1250","3145","1435","1660","3164","1488","1684","3172","1327","1712","3039","1208","1891","3099","1327","1803","3130","1308","1805","3113","1487","1649","3136","1560","1591","3151","1325","1803","3128","1404","1756","3211"
"2463",SFAL,SOUTH FALL CREEK,YADKIN,,"99",115854.73356399999,"354","1001","1418","250","1129","1411","274","1139","1413","224","1134","1358","180","1206","1386","221","1181","1402","206","1190","1396","256","1146","1402","311","1082","1393","226","1168","1394","220","1206","1431"
"2464",SH,SHILOH,CAMDEN,,"15",314616.31664799998,"376","1121","1567","344","1148","1557","352","1203","1555","345","1143","1488","316","1193","1509","345","1202","1547","334","1198","1532","380","1175","1555","382","1169","1551","346","1197","1543","349","1249","1613"
"2465",SH,SANDHILL,LENOIR,,"54",149552.84531599999,"155","364","542","115","415","545","138","412","550","109","424","533","100","439","539","108","437","545","102","435","537","124","417","541","129","404","533","99","439","538","101","446","551"
"2466",SH-A,SHILOH-A,IREDELL,,"49",144353.26146000001,"701","1669","2504","576","1856","2498","615","1878","2493","521","1900","2421","484","1956","2440","517","1969","2486","509","1959","2468","566","1921","2487","614","1865","2479","517","1968","2485","511","2002","2528"
"2467",SH-B,SHILOH-B,IREDELL,,"49",109302.56962500000,"667","1754","2558","559","1935","2570","592","1976","2568","505","1967","2472","459","2036","2495","504","2045","2549","477","2061","2538","533","2021","2554","560","1968","2528","495","2054","2549","485","2088","2595"
"2468",SH#1,Voting District 000SH1,GREENE,,"40",79760.01205900000,"722","482","1237","695","518","1242","715","526","1241","656","548","1204","623","600","1223","646","587","1233","649","567","1216","718","524","1242","730","510","1240","656","570","1226","663","592","1262"
"2469",SH1,SH1,VANCE,,"91",61522.34918580000,"817","192","1030","797","218","1040","808","229","1037","784","233","1017","764","249","1013","787","244","1031","791","235","1026","823","218","1041","813","224","1037","796","235","1031","804","241","1051"
"2470",SH12,SCOTTS HILL,PENDER,,"71",87753.40645260000,"830","1072","2059","660","1347","2070","715","1361","2076","575","1396","1971","540","1457","1997","610","1447","2057","546","1487","2033","664","1396","2060","662","1388","2050","568","1482","2050","630","1468","2108"
"2471",SH2,SH2,VANCE,,"91",60373.16071470000,"297","141","451","297","140","451","303","148","451","293","143","436","274","164","438","286","158","444","295","148","443","306","143","449","294","155","449","296","151","447","291","169","462"
"2472",SH77,SHERWOOD,CUMBERLAND,,"26",129225.19216000001,"1050","1014","2190","958","1170","2192","997","1203","2200","931","1186","2117","895","1242","2137","925","1255","2180","923","1235","2158","989","1203","2192","976","1209","2185","959","1232","2191","944","1261","2221"
"2473",SHANGI,SHANGI,CLEVELAND,,"23",158075.34260900001,"706","1267","2071","608","1428","2089","636","1457","2093","571","1458","2029","523","1518","2041","553","1516","2069","545","1508","2053","627","1454","2081","630","1447","2077","572","1500","2072","570","1535","2123"
"2481",SL78-3,Spring Lake 3,CUMBERLAND,,"26",84066.26704900000,"2060","659","2877","2026","705","2874","2075","787","2862","2020","717","2737","1965","751","2716","2060","772","2832","2026","788","2814","2098","755","2853","2070","773","2843","2050","784","2834","2052","842","2926"
"2482",SLAD,SLADESVILLE,HYDE,,"48",304041.28264599998,"79","156","242","77","160","245","79","166","245","73","161","234","72","167","239","79","164","243","66","168","234","89","155","244","77","163","240","72","167","239","78","169","251"
"2483",SLIB,SOUTH LIBERTY,YADKIN,,"99",163175.38244700001,"382","1208","1688","269","1384","1698","298","1389","1687","254","1391","1645","201","1458","1659","241","1443","1684","237","1447","1684","301","1386","1687","312","1375","1687","249","1437","1686","242","1447","1705"
"2484",SLS,SEVEN LAKES,MOORE,,"63",105469.65320900000,"1799","2082","4097","1463","2583","4136","1515","2639","4154","1265","2717","3982","1171","2813","3984","1268","2803","4071","1235","2800","4035","1477","2632","4109","1510","2585","4095","1286","2792","4078","1405","2767","4209"
"2485",SM,SOUTH MILLS RIVER,HENDERSON,,"45",154184.50218800001,"1430","1649","3259","1176","1979","3246","1259","1998","3257","1110","2004","3114","995","2180","3175","1101","2125","3226","1072","2138","3210","1202","2032","3234","1177","2057","3234","1106","2113","3219","1179","2079","3300"
"2486",SM,ST MARYS,ORANGE,,"68",116059.44877500000,"1415","729","2234","1259","958","2259","1297","952","2249","1185","971","2156","1080","1124","2204","1179","1052","2231","1194","1023","2217","1298","947","2245","1278","948","2226","1195","1035","2230","1255","998","2282"
"2487",SM,SOUTH MILLS,CAMDEN,,"15",295199.81409699999,"560","1652","2283","546","1652","2262","555","1708","2263","532","1634","2166","509","1686","2195","530","1717","2247","519","1711","2230","568","1686","2254","570","1683","2253","535","1716","2251","543","1756","2315"
"2488",SMAD,SMAD,GUILFORD,,"41",111758.15429200001,"1111","937","2147","972","1090","2132","1001","1135","2136","915","1133","2048","825","1283","2108","919","1191","2110","895","1200","2095","996","1111","2107","1058","1057","2115","926","1182","2108","932","1217","2168"
"2489",SMCA,SMITH/CABIN,DUPLIN,,"31",142286.16842199999,"213","736","979","202","749","977","218","762","980","193","763","956","156","800","956","182","794","976","172","791","963","208","773","981","213","765","978","183","792","975","172","819","994"
"2490",SN,SCOTLAND NECK,HALIFAX,,"42",165728.25910600001,"966","278","1270","912","327","1265","929","339","1268","896","341","1237","864","371","1235","905","357","1262","899","360","1259","939","328","1267","927","340","1267","913","340","1253","918","357","1283"
"2491",SN,SNAKEBITE,BERTIE,,"8",229850.94467800000,"414","113","538","423","107","540","424","115","539","424","105","529","412","118","530","421","115","536","418","115","533","431","104","535","427","109","536","425","114","539","424","116","546"
"2492",SO,SOUTHERN,RANDOLPH,,"76",207596.17463299999,"620","2214","2949","492","2405","2964","522","2441","2963","461","2409","2870","397","2514","2911","437","2509","2946","432","2497","2929","522","2430","2952","601","2340","2941","432","2511","2943","450","2551","3015"
"2493",SOOX,Voting District 00SOOX,GRANVILLE,,"39",37497.62072380000,"875","193","1096","852","223","1092","867","231","1098","831","236","1067","798","272","1070","826","259","1085","817","260","1077","873","223","1096","849","240","1089","839","253","1092","835","271","1113"
"2494",SOSH,SOUTHERN SHORES,DARE,,"28",107792.25779200000,"1511","1346","2967","1359","1514","2937","1396","1534","2930","1262","1498","2760","1233","1587","2820","1257","1653","2910","1227","1648","2875","1388","1533","2921","1341","1559","2900","1246","1645","2891","1377","1570","2980"
"2495",SOUTH,SOUTH MARSHALL,MADISON,,"57",198768.99430699999,"438","362","839","393","414","833","401","436","837","374","428","802","352","454","806","382","442","824","362","456","818","402","427","829","385","445","830","374","449","823","367","461","842"
"2496",SOUTH,SOUTH ELIZABETH CITY,PASQUOTANK,,"70",55591.96637960000,"1451","372","1896","1459","376","1907","1503","400","1903","1450","381","1831","1429","403","1832","1478","408","1886","1448","417","1865","1492","405","1897","1506","386","1892","1474","417","1891","1477","422","1926"
"2497",SP15,SLOOP POINT,PENDER,,"71",193443.33088100000,"1652","2334","4286","1376","2768","4275","1442","2844","4286","1241","2831","4072","1229","2880","4109","1291","2932","4223","1210","2972","4182","1371","2875","4246","1381","2835","4216","1240","2970","4210","1316","3025","4389"
"2498",SPRING,SPRING CREEK,MADISON,,"57",218604.64509400001,"297","243","570","272","280","574","289","285","574","257","278","535","243","304","547","274","293","567","259","304","563","287","281","568","273","293","566","266","298","564","246","318","576"
"2499",SQ,SWAN QUARTER,HYDE,,"48",436847.03232699999,"139","233","383","133","239","382","142","241","383","121","246","367","103","275","378","119","262","381","123","253","376","162","221","383","140","237","377","129","248","377","122","267","389"
"2500",SSP,SOUTH SOUTHERN PINES,MOORE,,"63",60614.90314480000,"1843","1081","3113","1644","1438","3159","1684","1474","3158","1540","1476","3016","1485","1548","3033","1528","1566","3094","1497","1573","3070","1661","1476","3137","1676","1447","3123","1540","1572","3112","1674","1514","3203"
"2501",ST,STALEY,RANDOLPH,,"76",124863.67253600000,"450","1150","1667","340","1289","1676","377","1294","1671","314","1316","1630","290","1364","1654","304","1357","1661","296","1358","1654","367","1303","1670","427","1233","1660","306","1362","1668","325","1370","1701"
"2502",ST1,STATESVILLE  1,IREDELL,,"49",73131.66214980000,"1604","1485","3260","1384","1789","3262","1473","1773","3246","1309","1831","3140","1250","1890","3140","1305","1923","3228","1295","1920","3215","1396","1836","3232","1438","1787","3225","1335","1890","3225","1354","1937","3325"
"2503",ST2,STATESVILLE  2,IREDELL,,"49",90227.78073720000,"1165","847","2154","1046","1035","2153","1110","1041","2151","1012","1067","2079","948","1130","2078","1009","1126","2135","973","1149","2122","1073","1066","2139","1092","1049","2141","1025","1108","2133","1050","1132","2202"
"2504",ST3,STATESVILLE  3,IREDELL,,"49",71527.76095539999,"1451","1172","2757","1368","1280","2733","1401","1330","2731","1353","1287","2640","1322","1323","2645","1370","1363","2733","1333","1384","2717","1378","1354","2732","1409","1316","2725","1352","1374","2726","1361","1418","2803"
"2505",ST36,STARTOWN,LINCOLN,,"55",137154.81953700000,"833","1731","2716","712","1944","2725","750","1964","2714","678","1976","2654","631","2011","2642","681","2026","2707","669","2025","2694","727","1985","2712","736","1960","2696","683","2021","2704","658","2092","2761"
"10005","017",,FORSYTH,,"34",42468.57831500000,"920","684","1708","768","860","1695","813","881","1694","734","870","1604","672","963","1635","729","940","1669","709","954","1663","787","894","1681","816","864","1680","710","963","1673","757","963","1739"
"2506",ST4,STATESVILLE  4,IREDELL,,"49",88732.89405420002,"1200","907","2235","1031","1129","2224","1106","1115","2221","985","1162","2147","929","1225","2154","979","1239","2218","961","1246","2207","1044","1187","2231","1090","1137","2227","1013","1206","2219","1022","1222","2267"
"2507",ST5,STATESVILLE  5,IREDELL,,"49",71952.97121510000,"1236","871","2217","1141","1007","2223","1185","1033","2218","1090","1046","2136","1049","1090","2139","1099","1109","2208","1093","1111","2204","1173","1046","2219","1185","1018","2203","1139","1071","2210","1141","1095","2267"
"10019","062",PINEY GROVE FIRE STATION,FORSYTH,,"34",37007.63928180000,"756","769","1615","631","925","1608","661","942","1603","557","958","1515","497","1042","1539","548","1023","1571","556","1007","1563","638","942","1580","653","932","1585","566","1009","1575","612","1014","1647"
"2508",ST6,STATESVILLE  6,IREDELL,,"49",103634.86961700000,"1701","1346","3196","1543","1552","3188","1631","1555","3186","1506","1566","3072","1480","1595","3075","1541","1625","3166","1501","1643","3144","1570","1600","3170","1590","1571","3161","1540","1626","3166","1530","1694","3263"
"2509",STA,STAR,MONTGOMERY,,"62",176326.12682100001,"356","850","1253","284","936","1253","324","927","1251","269","954","1223","223","1002","1225","246","1002","1248","256","987","1243","306","946","1252","329","911","1240","274","977","1251","240","1017","1273"
"2510",STEC,STECOAH,GRAHAM,,"38",265690.22702499997,"276","642","964","222","687","944","241","707","948","220","677","897","201","715","916","214","719","933","221","709","930","232","707","939","234","705","939","223","712","935","212","758","983"
"2511",STEL,STELLA,CARTERET,,"16",214612.94717900001,"427","976","1509","321","1104","1503","351","1156","1507","283","1135","1418","265","1183","1448","318","1168","1486","280","1200","1480","345","1153","1498","343","1160","1503","280","1212","1492","288","1236","1541"
"2512",STOK,STOK,GUILFORD,,"41",115541.36857300000,"1803","2283","4334","1426","2784","4332","1515","2840","4355","1284","2853","4137","1141","3092","4233","1282","2996","4278","1276","2979","4255","1481","2809","4290","1625","2690","4315","1287","2972","4259","1391","3001","4426"
"2513",STON,STONEY CREEK,CASWELL,,"17",154544.17650199999,"609","1110","1811","542","1220","1799","559","1223","1782","512","1239","1751","457","1334","1791","497","1286","1783","485","1293","1778","550","1243","1793","586","1211","1797","498","1270","1768","502","1314","1828"
"2514",STPT,STUMPY POINT,DARE,,"28",412830.32643700001,"32","97","133","29","99","131","28","102","130","23","98","121","24","103","127","29","103","132","20","108","128","28","99","127","28","101","129","24","103","127","24","109","136"
"2515",SUGG,Voting District 00SUGG,GREENE,,"40",115619.34126800000,"338","384","740","320","390","731","318","416","734","308","410","718","292","430","722","305","430","735","297","429","726","342","396","738","327","407","734","302","429","731","304","445","753"
"2516",SUM1,SUM1,GUILFORD,,"41",76635.59293050000,"1290","410","1760","1216","486","1760","1245","507","1752","1212","494","1706","1135","584","1719","1194","551","1745","1199","540","1739","1256","486","1742","1278","473","1751","1207","531","1738","1224","552","1790"
"2517",SUM2,SUM2,GUILFORD,,"41",69105.13900010000,"1481","485","2033","1416","556","2032","1444","585","2029","1402","571","1973","1337","645","1982","1408","608","2016","1405","613","2018","1442","569","2011","1464","561","2025","1402","610","2012","1396","633","2050"
"2518",SUM3,SUM3,GUILFORD,,"41",72700.36552130000,"332","531","914","265","629","929","305","630","935","239","648","887","217","703","920","244","675","919","247","675","922","303","620","923","331","598","929","250","661","911","257","671","940"
"2571",W08,W08,NEW HANOVER,,"65",28643.10640280000,"658","335","1054","623","408","1061","642","419","1061","597","430","1027","590","438","1028","612","444","1056","597","448","1045","625","436","1061","609","441","1050","612","445","1057","612","461","1087"
"2519",SUM4,SUM4,GUILFORD,,"41",89539.20739860000,"506","1086","1670","390","1237","1678","413","1264","1677","348","1270","1618","267","1383","1650","336","1318","1654","342","1304","1646","403","1248","1651","488","1181","1669","344","1310","1654","357","1333","1708"
"2572",W1,WINDSOR 1,BERTIE,,"8",440091.82549800002,"1676","813","2538","1618","866","2527","1660","865","2525","1598","865","2463","1537","954","2491","1596","914","2510","1581","899","2480","1697","826","2523","1684","830","2514","1619","891","2510","1618","955","2586"
"2574",W12,W12,NEW HANOVER,,"65",25515.73063240000,"1095","300","1473","966","472","1476","991","484","1475","888","515","1403","851","574","1425","905","553","1458","879","564","1443","995","472","1467","982","482","1464","875","589","1464","944","530","1494"
"2520",SURBA,SURRY-BATH,BEAUFORT,,"7",174611.74466699999,"491","1059","1646","380","1224","1654","405","1255","1660","332","1274","1606","261","1359","1620","336","1316","1652","330","1302","1632","435","1215","1650","393","1250","1643","324","1320","1644","325","1333","1676"
"2521",SW,SOUTHWEST,HENDERSON,,"45",77126.63603030000,"1126","863","2101","994","1042","2101","1040","1063","2103","934","1053","1987","897","1137","2034","946","1133","2079","915","1150","2065","1005","1085","2090","996","1097","2093","943","1135","2078","996","1105","2118"
"2522",SW,SOUTHWEST,RANDOLPH,,"76",225297.54520600001,"442","1685","2254","314","1902","2274","335","1931","2266","240","1963","2203","192","2046","2238","237","2019","2256","235","2002","2237","322","1944","2266","393","1859","2252","241","2013","2254","246","2039","2297"
"2523",SW,SOUTHWEST,LENOIR,,"54",125764.05695300001,"200","556","785","177","588","792","196","603","799","156","611","767","147","631","778","175","618","793","162","623","785","188","607","795","200","588","788","161","624","785","160","641","809"
"2524",SW19,SWANSBORO,ONSLOW,,"67",195686.38574100001,"1642","2477","4439","1318","2944","4408","1390","3000","4390","1180","2958","4138","1075","3134","4209","1223","3123","4346","1114","3198","4312","1380","2996","4376","1404","2948","4352","1138","3183","4321","1239","3262","4538"
"2525",SWASH,SWASH,GUILFORD,,"41",99577.99634080000,"284","563","895","220","647","890","242","647","889","195","668","863","168","720","888","182","710","892","196","687","883","232","655","887","257","635","892","188","697","885","204","711","922"
"2526",SWEE,SWEETWATER,CLAY,,"22",97806.37749940000,"185","428","627","171","439","624","173","447","620","160","443","603","158","443","601","165","455","620","160","448","608","170","449","619","163","448","611","160","447","607","160","470","632"
"2527",SWST,South West,PERSON,,"73",161450.37400099999,"597","925","1587","517","1019","1581","545","1033","1578","495","1026","1521","431","1126","1557","472","1097","1569","476","1060","1536","591","983","1574","534","1026","1560","489","1072","1561","499","1108","1623"
"2528",T.COVE,TURKEY COVE 17,MCDOWELL,,"59",191772.46346000000,"126","414","562","111","440","564","118","443","561","111","437","548","103","447","550","112","444","556","110","440","550","115","446","561","110","443","553","112","444","556","112","453","567"
"2529",T1,TROY 1,MONTGOMERY,,"62",128894.73948800001,"577","805","1446","527","876","1443","531","916","1447","516","881","1397","466","951","1417","498","937","1435","490","938","1428","550","899","1449","570","873","1443","504","935","1439","496","975","1476"
"2530",T1,TRENT-1,LENOIR,,"54",133406.10706200000,"227","741","1008","199","780","1007","208","801","1009","169","810","979","146","846","992","173","832","1005","164","827","991","217","785","1002","223","769","992","170","827","997","167","853","1026"
"2531",T1T4T5,TAYLORSVILLE 1 4 5,ALEXANDER,,"2",163393.76375899999,"835","2027","3012","711","2196","3001","734","2253","2987","646","2210","2856","574","2334","2908","649","2318","2967","637","2310","2947","721","2267","2988","755","2226","2981","687","2279","2966","654","2393","3067"
"2532",T2,TRENT-2,LENOIR,,"54",128593.13348900000,"187","613","837","153","667","844","159","686","845","131","699","830","108","719","827","140","700","840","126","709","835","183","661","844","196","638","834","127","714","841","126","721","855"
"2533",T2,TROY 2,MONTGOMERY,,"62",146490.68641200001,"413","636","1093","342","721","1096","355","741","1096","333","718","1051","281","797","1078","305","782","1087","294","776","1070","356","738","1094","398","691","1089","329","754","1083","297","809","1112"
"2534",T2T3,TAYLORSVILLE 2 3,ALEXANDER,,"2",111720.64819700000,"697","1369","2142","589","1482","2133","634","1494","2128","558","1483","2041","485","1572","2057","556","1560","2116","535","1569","2104","587","1536","2123","623","1498","2121","575","1529","2104","535","1614","2168"
"2535",TA37,TRIANGLE A,LINCOLN,,"55",126563.14442600000,"1747","2090","4142","1404","2627","4168","1504","2654","4158","1295","2691","3986","1260","2732","3992","1296","2815","4111","1260","2846","4106","1417","2718","4135","1372","2748","4120","1270","2855","4125","1381","2829","4242"
"2536",TAPO,TAPOCO,GRAHAM,,"38",313802.75950300001,"57","260","333","47","278","334","48","283","331","44","276","320","45","278","323","46","283","329","42","286","328","47","283","330","47","283","330","40","286","326","43","297","343"
"2537",TB,TABERNACLE,RANDOLPH,,"76",149000.72017200000,"448","1776","2359","317","1998","2380","336","2037","2373","267","2043","2310","233","2101","2334","267","2095","2362","256","2084","2340","335","2031","2366","384","1974","2358","261","2086","2347","270","2133","2414"
"2538",TB,TURNERSBURG,IREDELL,,"49",217836.32703700001,"698","1231","2032","569","1397","2022","603","1420","2023","523","1434","1957","480","1492","1972","515","1496","2011","519","1486","2005","568","1442","2010","606","1395","2001","518","1492","2010","519","1534","2069"
"2539",TC1,TRANSYLVANIA COUNTY 1,TRANSYLVANIA,,"88",199480.52261900000,"156","510","685","119","543","682","134","556","690","111","551","662","106","571","677","114","568","682","112","570","682","126","558","684","120","562","682","113","567","680","113","571","698"
"2540",TC7,TRANSYLVANIA COUNTY 7,TRANSYLVANIA,,"88",210412.95744000000,"516","820","1394","422","948","1399","452","949","1401","394","937","1331","374","980","1354","391","989","1380","375","991","1366","423","970","1393","414","965","1379","398","978","1376","413","992","1416"
"2541",TCRK,TRANTERS CREEK,BEAUFORT,,"7",260893.39797500000,"642","1151","1872","549","1262","1868","577","1300","1877","513","1291","1804","467","1375","1842","521","1343","1864","492","1354","1846","601","1263","1864","583","1275","1858","506","1358","1864","500","1398","1905"
"2542",TE13,Truitt-Ernul,CRAVEN,,"25",298822.67753500002,"275","791","1124","225","878","1123","238","888","1126","201","886","1087","185","919","1104","210","911","1121","186","924","1110","248","875","1123","251","856","1107","197","911","1108","187","943","1142"
"2543",TH1,TOWN HALL,ORANGE,,"68",30257.94783490000,"1550","61","1644","1529","81","1639","1532","95","1627","1496","93","1589","1486","118","1604","1518","108","1626","1509","113","1622","1540","88","1628","1535","94","1629","1499","125","1624","1530","96","1646"
"2544",TL06,TAR LANDING,ONSLOW,,"67",112401.91712699999,"1009","1634","2816","857","1789","2786","923","1848","2771","834","1762","2596","784","1845","2629","870","1873","2743","801","1915","2716","918","1848","2766","901","1844","2745","815","1918","2733","838","2033","2895"
"2577",W16,W16,NEW HANOVER,,"65",33612.15557750000,"1650","881","2690","1449","1179","2698","1512","1188","2700","1329","1241","2570","1260","1326","2586","1359","1297","2656","1296","1333","2629","1463","1217","2680","1431","1234","2665","1300","1353","2653","1392","1313","2743"
"2546",TO,TOLARS,ORANGE,,"68",123966.10092400000,"704","481","1216","640","556","1218","652","572","1224","598","583","1181","544","668","1212","594","601","1195","588","598","1186","676","534","1210","657","539","1196","607","587","1194","621","607","1242"
"2547",TOPT,TOPTON,CHEROKEE,,"20",98394.24392660000,"48","254","310","43","265","314","44","271","315","43","262","305","43","262","305","47","266","313","45","271","316","44","271","315","50","264","314","47","267","314","43","269","313"
"2548",TR,TRINITY,RANDOLPH,,"76",189685.96245799999,"1972","4670","7052","1510","5376","7104","1655","5454","7109","1377","5494","6871","1231","5730","6961","1365","5690","7055","1355","5658","7013","1605","5480","7085","1765","5303","7068","1373","5680","7053","1407","5753","7211"
"2549",TR123,TRYON,POLK,,"75",109874.85086100000,"1418","827","2361","1319","980","2365","1353","1007","2360","1257","981","2238","1219","1027","2246","1266","1059","2325","1250","1070","2320","1330","1013","2343","1322","1024","2346","1279","1054","2333","1297","1046","2374"
"2550",TT,TRINITY TABERNACLE,RANDOLPH,,"76",144909.66792400001,"734","2376","3303","559","2691","3336","594","2739","3333","476","2754","3230","418","2852","3270","480","2826","3306","467","2830","3297","565","2759","3324","667","2646","3313","485","2824","3309","483","2860","3366"
"2551",TURK,TURKEY,SAMPSON,,"82",186505.35691700000,"379","419","828","371","430","825","377","433","810","353","422","775","339","453","792","360","446","806","351","451","802","381","429","810","373","437","810","362","446","808","352","469","830"
"2552",TUSQ,TUSQUITTEE,CLAY,,"22",211185.91953600000,"186","438","636","172","444","631","174","453","627","164","440","604","153","461","614","158","465","623","160","462","622","174","454","628","169","452","621","163","456","619","174","471","649"
"2553",TYHO,Voting District 00TYHO,GRANVILLE,,"39",200550.70702500001,"1304","1946","3435","1104","2205","3418","1171","2242","3413","1046","2247","3293","947","2382","3329","1039","2359","3398","1056","2310","3366","1219","2185","3404","1176","2226","3402","1063","2332","3395","1050","2399","3480"
"2554",UG,UNION GROVE,RANDOLPH,,"76",227990.54207400000,"1519","4034","5848","1145","4604","5898","1201","4677","5878","1018","4670","5688","862","4940","5802","980","4857","5837","974","4830","5804","1208","4666","5874","1364","4471","5835","1010","4831","5841","1021","4897","5961"
"2578",W17,W17,NEW HANOVER,,"65",36878.49485800000,"1108","661","1866","916","895","1865","965","900","1865","846","941","1787","821","973","1794","867","983","1850","834","995","1829","943","901","1844","952","898","1850","843","994","1837","893","976","1887"
"2555",UG,UNION GROVE,IREDELL,,"49",118093.70402200001,"298","900","1257","246","995","1263","250","1010","1260","228","1002","1230","188","1053","1241","207","1050","1257","209","1045","1254","244","1011","1255","265","984","1249","223","1030","1253","218","1057","1279"
"2556",UH08,UPPER HOLLY,PENDER,,"71",321834.15717399999,"406","157","574","406","163","580","416","166","582","415","163","578","397","175","572","409","175","584","394","181","575","417","167","584","413","168","581","407","178","585","404","183","589"
"2557",UN,UNION,HERTFORD,,"46",133624.78424600000,"363","222","609","364","217","607","378","233","611","365","222","587","354","231","585","369","235","604","361","237","598","381","226","607","382","225","607","378","232","610","366","242","619"
"2581",W2,WINDSOR 2,BERTIE,,"8",165680.13126800000,"58","459","532","39","480","529","42","485","527","32","472","504","23","506","529","28","493","521","23","490","513","59","464","523","43","479","522","29","488","517","20","520","543"
"2580",WM2,WILLIAMSTON 2,MARTIN,,"58",115811.93179300000,"1289","610","1947","1230","671","1941","1262","685","1947","1198","688","1886","1145","775","1920","1202","722","1924","1177","742","1919","1303","645","1948","1287","653","1940","1203","738","1941","1180","772","1965"
"2558",UNC,UNC,ORANGE,,"68",41764.81761200000,"3700","322","4142","3420","582","4068","3506","572","4078","3314","600","3914","3197","745","3942","3341","651","3992","3317","674","3991","3440","576","4016","3519","505","4024","3238","768","4006","3497","637","4187"
"2559",UNKA,UNAKA,CHEROKEE,,"20",291552.35793699999,"97","370","477","93","372","472","91","383","474","87","378","465","88","382","470","89","385","474","84","390","474","90","384","474","88","385","473","83","387","470","84","381","475"
"2560",UT14,UPPER TOPSAIL,PENDER,,"71",202398.63570099999,"1612","2220","4178","1296","2739","4203","1363","2850","4213","1155","2803","3958","1105","2909","4014","1209","2934","4143","1102","2992","4094","1286","2882","4168","1344","2800","4144","1112","3027","4139","1228","3019","4292"
"2562",UWH,UWHARRIE,MONTGOMERY,,"62",182569.83820999999,"362","770","1203","285","896","1210","286","914","1200","244","929","1173","207","966","1173","220","975","1195","228","960","1188","289","912","1201","299","899","1198","247","949","1196","261","950","1220"
"2563",V,VANCE,LENOIR,,"54",145063.54657400001,"850","619","1508","796","662","1498","816","690","1506","786","662","1448","745","711","1456","772","713","1485","763","716","1479","837","658","1495","817","660","1477","782","703","1485","769","751","1523"
"2564",VE14,Van-Ep,CRAVEN,,"25",304262.52180300001,"1280","1910","3329","1162","2076","3329","1206","2117","3323","1135","2063","3198","1078","2175","3253","1120","2175","3295","1093","2169","3262","1210","2094","3304","1217","2080","3297","1123","2172","3295","1122","2248","3388"
"2582",W21,W21,NEW HANOVER,,"65",28244.32079840000,"2407","1083","3724","2144","1463","3715","2211","1496","3707","2014","1502","3516","1968","1582","3550","2052","1605","3657","1985","1636","3621","2157","1535","3692","2158","1504","3662","2001","1651","3652","2131","1623","3792"
"2565",VR15,VERONA,ONSLOW,,"67",84315.94366970002,"511","1018","1683","424","1139","1659","457","1200","1657","384","1150","1534","358","1206","1564","401","1235","1636","367","1259","1626","442","1211","1653","434","1190","1624","382","1247","1629","384","1325","1731"
"2566",VSS,VASS,MOORE,,"63",122126.37311099999,"641","1048","1808","529","1203","1804","558","1248","1806","484","1237","1721","448","1284","1732","493","1282","1775","496","1277","1773","575","1212","1787","543","1241","1784","494","1289","1783","513","1310","1839"
"2568",W,WOODINGTON,LENOIR,,"54",157585.03838099999,"192","649","876","157","711","887","169","722","891","132","726","858","118","756","874","127","756","883","123","750","873","173","711","884","172","695","867","129","749","878","121","777","904"
"2569",W,WITTENBURG,ALEXANDER,,"2",121584.36191100000,"374","1054","1504","310","1149","1501","356","1152","1508","269","1171","1440","237","1231","1468","260","1219","1479","246","1224","1470","293","1196","1489","336","1153","1489","266","1208","1474","270","1240","1530"
"2576",W15,W15,NEW HANOVER,,"65",52627.20898310000,"2512","572","3252","2451","671","3232","2522","717","3239","2398","682","3080","2357","721","3078","2467","741","3208","2399","784","3183","2486","733","3219","2472","742","3214","2421","782","3203","2453","809","3304"
"2584",W25,W25,NEW HANOVER,,"65",45679.27540080000,"2689","462","3311","2565","619","3296","2605","681","3286","2442","642","3084","2420","710","3130","2486","746","3232","2432","775","3207","2593","668","3261","2588","667","3255","2458","790","3248","2559","749","3351"
"2585",W26,W26,NEW HANOVER,,"65",41173.96669910000,"1291","406","1807","1205","506","1791","1243","549","1792","1144","527","1671","1117","574","1691","1194","578","1772","1164","600","1764","1227","554","1781","1206","571","1777","1164","610","1774","1189","611","1823"
"2586",W27,W27,NEW HANOVER,,"65",44988.47613380001,"1933","317","2365","1867","428","2368","1907","444","2351","1782","445","2227","1761","497","2258","1832","494","2326","1796","510","2306","1892","451","2343","1867","468","2335","1819","505","2324","1859","500","2382"
"2601",WASH1,WASHINGTON WARD 1,BEAUFORT,,"7",42306.69653290000,"717","320","1079","656","406","1093","694","402","1096","630","399","1029","596","449","1045","648","434","1082","626","446","1072","690","399","1089","688","397","1085","644","427","1071","657","442","1108"
"10021","064",KERNERSVILLE ELEMENTARY,FORSYTH,,"34",31790.53468490000,"538","442","1058","469","543","1062","500","556","1056","433","566","999","385","620","1005","430","606","1036","438","595","1033","498","556","1054","493","552","1045","439","604","1043","458","616","1089"
"2602",WASH2,WASHINGTON WARD 2,BEAUFORT,,"7",51988.81091620000,"709","272","1025","676","305","1013","693","324","1017","666","320","986","624","362","986","657","352","1009","641","351","992","709","304","1013","689","309","998","658","342","1000","683","342","1034"
"2603",WASH4,WASHINGTON WARD 4,BEAUFORT,,"7",46939.96031700000,"858","657","1584","755","785","1580","799","787","1586","724","808","1532","651","901","1552","699","869","1568","689","852","1541","793","783","1576","799","780","1579","709","849","1558","749","861","1621"
"2604",WASHP,WASHINGTON PARK,BEAUFORT,,"7",55863.97059670000,"468","440","955","399","538","962","418","548","966","357","565","922","312","629","941","351","595","946","351","575","926","437","521","958","429","528","957","354","589","943","378","585","975"
"2605",WB,WB,NEW HANOVER,,"65",136033.27705199999,"969","653","1727","753","949","1736","796","951","1747","636","996","1632","603","1070","1673","664","1037","1701","620","1062","1682","792","929","1721","774","927","1701","637","1060","1697","747","1011","1778"
"2607",WB02,HICKMANS CROSSROADS,BRUNSWICK,,"10",128680.06458700000,"2497","2563","5447","2009","3395","5513","2026","3490","5516","1774","3576","5350","1724","3597","5321","1884","3569","5453","1693","3695","5388","1887","3603","5490","1850","3578","5428","1736","3703","5439","1863","3717","5617"
"2608",WB03,LONGWOOD,BRUNSWICK,,"10",174006.87289299999,"540","499","1104","502","586","1113","510","596","1106","478","599","1077","456","617","1073","482","623","1105","471","625","1096","513","596","1109","493","610","1103","477","628","1105","483","636","1128"
"2609",WB04,SHINGLETREE 2,BRUNSWICK,,"10",84262.05918490000,"2713","2887","6068","2212","3746","6107","2260","3857","6117","1970","3940","5910","1932","3996","5928","2057","3976","6033","1877","4104","5981","2139","3941","6080","2066","3945","6011","1914","4112","6026","2048","4178","6259"
"2610",WB05,SHINGLETREE 1,BRUNSWICK,,"10",155363.74599100000,"2091","1643","4036","1695","2272","4067","1705","2369","4074","1450","2479","3929","1393","2525","3918","1503","2505","4008","1395","2561","3956","1595","2451","4046","1573","2428","4001","1417","2589","4006","1582","2555","4158"
"2611",WB06,GRISSETTOWN,BRUNSWICK,,"10",195092.95599300001,"2844","3050","6355","2197","4065","6408","2296","4118","6414","1934","4265","6199","1838","4369","6207","1962","4363","6325","1830","4431","6261","2142","4224","6366","2138","4176","6314","1862","4450","6312","2081","4426","6544"
"2612",WBRK,WESTBROOK,SAMPSON,,"82",199866.31215899999,"324","769","1145","250","847","1137","280","852","1132","233","857","1090","197","928","1125","227","902","1129","228","898","1126","319","820","1139","284","841","1125","250","860","1110","232","923","1166"
"2613",WC,WILLIAMSON CREEK,TRANSYLVANIA,,"88",78466.99467810000,"807","482","1354","675","652","1362","715","651","1366","644","662","1306","619","708","1327","638","706","1344","627","714","1341","702","659","1361","699","655","1354","646","704","1350","689","676","1376"
"2614",WC,WAYNESVILLE CENTER,HAYWOOD,,"44",21606.05476660000,"367","230","629","321","283","626","328","297","625","305","283","588","277","320","597","314","303","617","312","301","613","327","293","620","331","288","619","313","303","616","309","314","638"
"2615",WC,WHITE CROSS,ORANGE,,"68",126730.63298700000,"1040","385","1483","962","469","1474","994","478","1472","934","483","1417","905","558","1463","949","518","1467","932","521","1453","1009","453","1462","975","467","1442","942","511","1453","981","511","1506"
"2616",WD,WOODVILLE,BERTIE,,"8",382859.55746200000,"411","59","489","421","54","487","425","59","484","418","60","478","407","65","472","413","68","481","415","65","480","426","57","483","426","54","480","422","63","485","411","69","489"
"2617",WD,WEAVER DAIRY,ORANGE,,"68",41560.14637320000,"1944","208","2214","1890","299","2216","1901","312","2213","1836","307","2143","1770","410","2180","1841","359","2200","1821","373","2194","1909","288","2197","1865","319","2184","1797","390","2187","1878","319","2234"
"2618",WDPD,WOODARDS POND,BEAUFORT,,"7",135489.01651399999,"377","803","1244","290","918","1236","327","913","1240","278","926","1204","248","970","1218","280","948","1228","256","959","1215","333","899","1232","333","900","1233","270","957","1227","271","978","1255"
"2619",WDS,WEAVER DAIRY SAT,ORANGE,,"68",9619.43820501000,"400","3","403","394","9","403","396","9","405","379","20","399","355","45","400","382","15","397","379","13","392","391","13","404","381","14","395","383","17","400","400","12","412"
"2620",WDSD,WOODSDALE,PERSON,,"73",143438.84841700000,"449","379","857","439","405","863","437","427","864","410","407","817","387","451","838","405","441","846","407","429","836","454","395","849","439","410","849","417","426","843","420","457","884"
"2621",WE,WAYNESVILLE EAST,HAYWOOD,,"44",68601.44235160000,"733","501","1285","639","615","1281","673","620","1293","602","634","1236","531","737","1268","602","675","1277","581","693","1274","639","649","1288","637","638","1275","605","666","1271","609","677","1298"
"2622",WEB,WEBSTER,JACKSON,,"50",88491.92592250000,"934","577","1578","815","718","1576","830","751","1581","772","737","1509","706","829","1535","738","826","1564","748","810","1558","832","743","1575","841","729","1570","763","801","1564","755","805","1592"
"2623",WEL 3,WELDON 3,HALIFAX,,"42",98001.97485450000,"982","374","1385","954","392","1382","970","406","1376","942","407","1349","923","431","1354","942","439","1381","937","433","1370","989","393","1382","973","407","1380","959","415","1374","954","434","1399"
"2624",WEL1-2,WELDON 1-2,HALIFAX,,"42",93159.52978270000,"609","150","779","600","150","776","612","160","772","601","150","751","574","179","753","596","178","774","588","179","767","616","158","774","615","158","773","592","170","762","603","169","782"
"2625",WEM,WESTMOORE,MOORE,,"63",175656.16415600001,"341","1294","1695","276","1406","1707","289","1419","1708","242","1426","1668","215","1474","1689","245","1457","1702","247","1447","1694","289","1417","1706","328","1380","1708","248","1452","1700","247","1467","1720"
"2626",WEST,WEST ELIZABETH CITY,PASQUOTANK,,"70",59035.25063210000,"1204","340","1604","1223","325","1603","1248","346","1594","1210","328","1538","1196","345","1541","1239","347","1586","1221","356","1577","1247","347","1594","1247","343","1590","1238","351","1589","1228","375","1622"
"2627",WEST,WEST WARD,GRAHAM,,"38",357865.52909800003,"358","1054","1471","287","1088","1435","320","1113","1433","294","1061","1355","283","1086","1369","288","1115","1403","273","1129","1402","323","1099","1422","307","1100","1407","299","1102","1401","263","1241","1519"
"2628",WEST H,WEST HERTFORD,PERQUIMANS,,"72",153485.47226600000,"227","410","655","218","409","652","229","423","652","215","406","621","200","435","635","211","444","655","219","430","649","236","415","651","256","398","654","217","441","658","208","438","656"
"2629",WEST M,WEST MARION 7,MCDOWELL,,"59",116800.49068200000,"819","1737","2662","669","1905","2651","690","1960","2650","624","1910","2534","578","1998","2576","622","2005","2627","600","2016","2616","644","1989","2633","650","1975","2625","624","1996","2620","602","2059","2685"
"2630",WH,WEST HILLSBOROUGH,ORANGE,,"68",65178.72214900000,"1307","317","1674","1277","367","1681","1305","363","1668","1247","375","1622","1217","415","1632","1261","398","1659","1245","407","1652","1300","368","1668","1279","379","1658","1254","400","1654","1271","410","1699"
"2631",WH,WH,VANCE,,"91",77320.46404090000,"1679","853","2616","1538","1040","2636","1589","1055","2644","1453","1084","2537","1374","1209","2583","1439","1183","2622","1455","1121","2576","1671","959","2630","1612","1004","2616","1498","1115","2613","1518","1121","2668"
"2632",WH,WHALEHEAD,CURRITUCK,,"27",248475.07928700000,"379","377","791","355","411","789","362","429","791","340","412","752","319","427","746","340","438","778","326","445","771","364","422","786","358","423","781","335","448","783","367","429","801"
"2633",WH,WHITES,BERTIE,,"8",223733.53344200001,"344","440","798","313","475","798","316","478","794","305","467","772","293","502","795","307","489","796","298","481","779","335","466","801","341","451","792","297","490","787","300","504","807"
"2634",WHCH,WHCH,SWAIN,,"87",451757.29551899998,"1088","688","1884","980","768","1834","1020","821","1841","931","759","1690","888","832","1720","939","836","1775","901","851","1752","989","816","1805","952","833","1785","934","845","1779","1028","910","1973"
"2635",WIHA,WIREGRASS/HARLOWE,CARTERET,,"16",193185.68325800000,"528","1005","1623","437","1131","1626","459","1172","1631","378","1174","1552","362","1218","1580","402","1208","1610","382","1212","1594","466","1153","1619","455","1152","1607","382","1216","1598","407","1230","1650"
"2636",WILD,WILDWOOD,CARTERET,,"16",100847.60674600000,"925","1446","2555","744","1746","2577","789","1792","2581","690","1764","2454","631","1851","2482","716","1836","2552","672","1859","2531","804","1764","2568","774","1781","2555","675","1869","2544","709","1886","2620"
"2637",WILT,Voting District 00WILT,GRANVILLE,,"39",238941.02126899999,"2130","2688","5120","1802","3177","5128","1874","3241","5115","1683","3223","4906","1498","3451","4949","1663","3419","5082","1640","3420","5060","1922","3194","5116","1872","3222","5094","1685","3405","5090","1739","3392","5187"
"2639",WN,WINTON,HERTFORD,,"46",192635.44980000000,"579","256","856","581","254","855","589","259","848","578","250","828","569","264","833","580","263","843","574","270","844","601","258","859","592","257","849","590","264","854","596","276","876"
"2640",WN04,WEST NORTHWOODS,ONSLOW,,"67",61849.54922440000,"1609","1835","3664","1385","2118","3638","1427","2200","3627","1294","2152","3446","1181","2284","3465","1268","2315","3583","1214","2330","3544","1445","2153","3598","1437","2140","3577","1250","2291","3541","1337","2385","3759"
"2641",WND,WEST END,MOORE,,"63",297250.89232500002,"972","1447","2551","813","1689","2568","844","1729","2573","755","1723","2478","702","1804","2506","735","1804","2539","734","1787","2521","854","1704","2558","844","1697","2541","752","1787","2539","792","1813","2620"
"2642",WO,WHITE OAK,HAYWOOD,,"44",89816.31503930000,"112","155","276","91","171","271","94","176","270","89","172","261","74","188","262","87","181","268","82","187","269","90","180","270","90","179","269","84","184","268","87","187","279"
"2643",WO06,WHITE OAK,POLK,,"75",221243.55871600000,"467","840","1380","406","926","1376","426","955","1381","398","922","1320","386","949","1335","399","960","1359","387","962","1349","415","955","1370","421","950","1371","391","974","1365","392","1006","1413"
"2644",WOEL,Voting District 00WOEL,GRANVILLE,,"39",138730.43978300001,"711","359","1109","691","402","1117","691","428","1119","676","408","1084","646","449","1095","672","434","1106","671","429","1100","731","387","1118","694","417","1111","677","432","1109","671","450","1127"
"2645",WOLF,WOLFSCRAPE,DUPLIN,,"31",190226.42974800000,"275","776","1086","248","810","1089","255","830","1085","209","841","1050","178","891","1069","201","882","1083","203","874","1077","270","819","1089","254","823","1077","205","873","1078","203","914","1122"
"2646",WOPO,WOODLAND/POTECASI,NORTHAMPTON,,"66",149112.65022300000,"294","168","484","286","183","484","298","184","482","288","176","464","278","195","473","285","192","477","285","187","472","308","175","483","293","185","478","295","178","473","281","200","486"
"2647",WP32,WESTPORT,LINCOLN,,"55",80959.07337909999,"2429","2789","5595","1969","3493","5616","2094","3514","5608","1776","3584","5360","1698","3672","5370","1759","3767","5526","1707","3802","5509","1928","3616","5544","1893","3630","5523","1697","3827","5524","1870","3745","5678"
"2648",WS,WHITE STORE,ANSON,,"4",169847.01077399999,"89","149","248","80","168","252","84","166","250","71","172","243","70","176","246","78","172","250","74","173","247","78","172","250","83","165","248","70","177","247","72","179","253"
"2649",WS,WESTERN,ROCKINGHAM,,"79",287741.99371700000,"1911","2893","5087","1621","3273","5079","1694","3388","5082","1506","3371","4877","1328","3641","4969","1498","3544","5042","1450","3550","5000","1672","3378","5050","1741","3310","5051","1514","3517","5031","1498","3669","5211"
"2650",WS-1,WAYNESVILLE SOUTH 1,HAYWOOD,,"44",80735.94295560000,"966","646","1677","841","811","1676","858","828","1686","831","810","1641","731","917","1648","794","880","1674","800","868","1668","843","842","1685","838","835","1673","807","867","1674","826","861","1706"
"2651",WS-2,WAYNESVILLE SOUTH 2,HAYWOOD,,"44",59847.08777130000,"795","546","1406","682","681","1401","710","697","1407","658","691","1349","585","778","1363","650","741","1391","648","734","1382","705","691","1396","681","711","1392","673","718","1391","659","755","1434"
"2652",WW,WAYNESVILLE WEST,HAYWOOD,,"44",53256.90755190000,"627","597","1303","534","716","1303","560","742","1302","508","727","1235","452","817","1269","512","774","1286","496","792","1288","547","750","1297","525","765","1290","508","777","1285","508","784","1315"
"10025","068",GOOD SHEPHERD MORAVIAN,FORSYTH,,"34",52079.60211440000,"1098","1059","2301","869","1338","2302","956","1347","2303","808","1363","2171","734","1484","2218","817","1455","2272","803","1450","2253","915","1375","2290","958","1327","2285","829","1452","2281","855","1458","2335"
"10026","071",LEWISVILLE ELEMENTARY SCHOOL,FORSYTH,,"34",39027.38419720000,"1736","1189","3126","1431","1598","3120","1565","1568","3133","1340","1640","2980","1233","1803","3036","1353","1739","3092","1288","1773","3061","1492","1612","3104","1533","1557","3090","1313","1771","3084","1458","1696","3189"
"10000","012",UNION CROSS ELEMENTARY SCHOOL,FORSYTH,,"34",95143.81811910000,"953","1259","2381","774","1541","2398","842","1565","2407","716","1587","2303","621","1707","2328","715","1649","2364","703","1652","2355","833","1552","2385","852","1519","2371","713","1663","2376","745","1672","2443"
"10001","013",SEDGE GARDEN ELEMENTARY,FORSYTH,,"34",60988.10062870000,"1674","1399","3280","1428","1733","3272","1502","1777","3279","1349","1754","3103","1231","1923","3154","1363","1859","3222","1341","1853","3194","1467","1771","3238","1548","1695","3243","1360","1858","3218","1433","1885","3345"
"10002","014",BEESONS CROSSROADS FIRE,FORSYTH,,"34",64381.00152180000,"887","862","1854","724","1086","1856","781","1088","1869","664","1128","1792","603","1224","1827","671","1170","1841","645","1178","1823","766","1085","1851","774","1073","1847","664","1183","1847","709","1188","1911"
"10105","903",ARTS COUNCIL THEATER,FORSYTH,,"34",30321.84327630000,"2015","429","2551","1690","691","2432","1759","694","2453","1544","739","2283","1474","835","2309","1520","810","2330","1537","774","2311","1685","704","2389","1766","613","2379","1528","820","2348","1852","815","2697"
"10003","015",SOUTHEAST MIDDLE SCHOOL,FORSYTH,,"34",56318.91239250000,"1863","1429","3481","1610","1764","3472","1701","1775","3476","1529","1788","3317","1410","1942","3352","1518","1899","3417","1508","1883","3391","1642","1813","3455","1671","1772","3443","1516","1908","3424","1581","1936","3542"
"10004","016",,FORSYTH,,"34",30462.22687970000,"1272","917","2327","1128","1115","2327","1164","1166","2330","1036","1162","2198","988","1261","2249","1048","1238","2286","1020","1258","2278","1155","1162","2317","1184","1133","2317","1056","1245","2301","1068","1247","2354"
"10006","021",BELEWS CREEK FIRE,FORSYTH,,"34",134112.77676800001,"1082","1982","3266","826","2353","3291","913","2378","3291","733","2415","3148","644","2561","3205","732","2521","3253","705","2515","3220","890","2394","3284","898","2370","3268","731","2527","3258","800","2528","3356"
"10007","031",RURAL HALL ELEMENTARY,FORSYTH,,"34",71741.42438929999,"780","801","1679","683","956","1690","714","982","1696","644","985","1629","593","1047","1640","652","1025","1677","645","1023","1668","702","975","1677","720","956","1676","646","1029","1675","642","1047","1705"
"10008","032",NORTHWEST MIDDLE SCHOOL,FORSYTH,,"34",99413.51704880000,"1449","1106","2699","1263","1377","2713","1338","1373","2711","1200","1386","2586","1124","1506","2630","1205","1464","2669","1180","1469","2649","1293","1390","2683","1331","1346","2677","1201","1469","2670","1248","1473","2753"
"10106","904",MISSION HISPANA,FORSYTH,,"34",35349.66013380000,"1286","276","1627","1244","332","1626","1278","347","1625","1230","344","1574","1199","383","1582","1239","371","1610","1224","373","1597","1273","354","1627","1264","352","1616","1237","384","1621","1234","388","1648"
"10009","033",ST ANDREWS PRESBYTERIAN,FORSYTH,,"34",82861.12737340000,"1170","601","1865","1095","712","1866","1122","744","1866","1066","727","1793","1013","792","1805","1077","767","1844","1046","784","1830","1123","739","1862","1125","725","1850","1069","777","1846","1083","798","1897"
"10010","034",KINGSWOOD UNITED METHODIST CHURCH,FORSYTH,,"34",60723.31993690000,"872","846","1828","749","1014","1828","788","1044","1832","715","1025","1740","689","1075","1764","733","1077","1810","717","1083","1800","781","1030","1811","807","1007","1814","726","1077","1803","738","1111","1871"
"10011","042",FELLOWSHIP BAPTIST,FORSYTH,,"34",85649.41301870000,"1772","894","2806","1651","1060","2795","1716","1081","2797","1620","1055","2675","1537","1162","2699","1623","1140","2763","1590","1152","2742","1699","1089","2788","1712","1075","2787","1614","1157","2771","1623","1180","2839"
"10012","043",FRIEDLAND MORAVIAN,FORSYTH,,"34",92358.39720240000,"1114","878","2122","988","1041","2120","1062","1061","2123","963","1055","2018","903","1134","2037","984","1119","2103","977","1110","2087","1030","1077","2107","1047","1052","2099","975","1120","2095","997","1129","2157"
"10013","051",CLEMMONS ELEMENTARY,FORSYTH,,"34",44487.17879090000,"1401","995","2537","1174","1286","2537","1246","1280","2526","1084","1331","2415","1001","1435","2436","1097","1389","2486","1072","1392","2464","1209","1305","2514","1207","1291","2498","1087","1393","2480","1176","1360","2576"
"10107","905",BETHABARA MORAVIAN CH,FORSYTH,,"34",33663.54333570000,"1568","383","2032","1440","514","2002","1480","522","2002","1388","515","1903","1326","593","1919","1376","574","1950","1372","566","1938","1450","524","1974","1453","518","1971","1385","572","1957","1475","572","2076"
"10108","906",MT TABOR HIGH SCHOOL,FORSYTH,,"34",42766.44427760000,"1934","581","2647","1752","848","2657","1791","870","2661","1628","922","2550","1559","1016","2575","1660","959","2619","1616","982","2598","1778","860","2638","1795","835","2630","1641","989","2630","1732","905","2693"
"10014","052",CLEMMONS PRESBYTERIAN,FORSYTH,,"34",37967.93395230000,"580","353","993","477","499","1001","500","505","1005","432","512","944","377","586","963","434","549","983","421","554","975","493","499","992","503","489","992","438","547","985","471","527","1010"
"10144","121",Flat Rock Middle School,FORSYTH,,"34",73727.51891270000,"1582","791","2510","1458","954","2499","1526","976","2502","1414","970","2384","1369","1032","2401","1458","1019","2477","1443","1016","2459","1511","974","2485","1499","980","2479","1440","1039","2479","1473","1041","2551"
"10015","053",VFW POST 9010,FORSYTH,,"34",53338.60310680000,"1195","1046","2403","951","1376","2397","1051","1352","2403","851","1440","2291","768","1556","2324","853","1505","2358","831","1513","2344","961","1415","2376","1012","1367","2379","859","1509","2368","916","1501","2440"
"10016","054",CLEMMONS CIVIC CENTER,FORSYTH,,"34",51743.84518100000,"1267","859","2257","1047","1177","2272","1103","1176","2279","935","1230","2165","840","1370","2210","940","1299","2239","918","1300","2218","1065","1198","2263","1119","1136","2255","935","1310","2245","1043","1240","2320"
"10017","055",HOLY FAMILY CATHOLIC CHURCH,FORSYTH,,"34",54555.31024050000,"1853","1193","3237","1523","1630","3244","1617","1635","3252","1381","1722","3103","1284","1879","3163","1390","1796","3186","1341","1817","3158","1564","1658","3222","1591","1612","3203","1377","1818","3195","1529","1724","3299"
"10018","061",KERNERSVILLE LIBRARY,FORSYTH,,"34",46207.16977250000,"899","773","1758","782","937","1770","817","952","1769","732","964","1696","689","1027","1716","738","1003","1741","712","1012","1724","803","956","1759","810","939","1749","731","1014","1745","756","1024","1798"
"10020","063",CASH ELEMENTARY SCHOOL,FORSYTH,,"34",82009.58521270000,"1396","1548","3144","1168","1897","3175","1274","1910","3184","1096","1948","3044","997","2098","3095","1110","2028","3138","1064","2046","3110","1214","1937","3151","1250","1898","3148","1076","2066","3142","1169","2032","3226"
"10022","065",KERNERSVILLE 7TH DAY ADVENTIST CHURCH,FORSYTH,,"34",51027.25590400000,"1855","1524","3571","1556","1935","3594","1625","1968","3593","1420","2004","3424","1311","2150","3461","1402","2136","3538","1382","2107","3489","1585","1974","3559","1647","1904","3551","1422","2113","3535","1529","2098","3667"
"10023","066",PINEY GROVE ELEMENTARY,FORSYTH,,"34",73105.65889640000,"848","1036","2038","672","1285","2039","732","1308","2040","634","1306","1940","584","1379","1963","638","1379","2017","636","1355","1991","693","1329","2022","718","1294","2012","642","1370","2012","665","1387","2075"
"10024","067",KERNERSVILLE RECREATION,FORSYTH,,"34",31126.24903330000,"755","565","1396","660","695","1407","704","704","1408","633","702","1335","595","762","1357","629","759","1388","623","756","1379","680","724","1404","687","712","1399","651","748","1399","668","756","1438"
"10027","073",UNITY MORAVIAN CHURCH,FORSYTH,,"34",100962.08672199999,"1337","1398","2915","1067","1800","2943","1150","1799","2949","954","1849","2803","875","1987","2862","946","1952","2898","937","1956","2893","1089","1837","2926","1154","1778","2932","934","1973","2907","1033","1912","2985"
"10028","074",MEADOWLARK MIDDLE SCHOOL,FORSYTH,,"34",66956.62630350000,"1880","896","2929","1627","1260","2958","1723","1236","2959","1524","1294","2818","1456","1393","2849","1529","1377","2906","1494","1388","2882","1679","1253","2932","1682","1249","2931","1523","1385","2908","1628","1352","3015"
"10029","075",NEW HOPE AME ZION CHURCH,FORSYTH,,"34",67820.47522940002,"272","351","666","215","437","671","234","434","668","195","438","633","190","459","649","202","461","663","198","454","652","234","430","664","212","450","662","199","460","659","210","462","680"
"10145","085",,FORSYTH,,"34",62689.16637240000,"974","826","1883","848","989","1886","873","1013","1886","809","1000","1809","764","1061","1825","814","1049","1863","798","1058","1856","889","985","1874","899","976","1875","807","1054","1861","831","1063","1911"
"10030","076",,FORSYTH,,"34",62623.13436120000,"1285","1053","2503","1066","1370","2511","1147","1374","2521","975","1406","2381","897","1530","2427","991","1479","2470","974","1476","2450","1110","1373","2483","1124","1350","2474","996","1478","2474","1059","1461","2561"
"10147","509",Sedge Garden Recreation Center,FORSYTH,,"34",31207.03794760000,"1259","561","1917","1158","679","1918","1220","696","1916","1159","671","1830","1084","761","1845","1152","757","1909","1130","762","1892","1201","710","1911","1208","708","1916","1147","762","1909","1157","761","1939"
"10031","077",,FORSYTH,,"34",33743.65910300000,"1312","877","2315","1165","1091","2310","1239","1080","2319","1082","1129","2211","1010","1222","2232","1108","1160","2268","1070","1178","2248","1201","1097","2298","1203","1085","2288","1081","1203","2284","1140","1176","2355"
"10035","084",Edgewood Baptist Church,FORSYTH,,"34",54294.43218560000,"1346","484","1905","1294","551","1902","1345","565","1910","1287","542","1829","1239","601","1840","1288","596","1884","1276","596","1872","1335","562","1897","1325","567","1892","1284","604","1888","1278","639","1945"
"10032","081",OAK SUMMIT UNITED METHODIST CHURCH,FORSYTH,,"34",68287.37832850000,"1748","757","2624","1634","883","2606","1666","934","2600","1615","890","2505","1555","980","2535","1626","953","2579","1618","957","2575","1690","911","2601","1678","915","2593","1614","967","2581","1632","995","2658"
"10034","083",IBRAHAM ELEMENTARY,FORSYTH,,"34",53386.94788530000,"1082","515","1658","1021","589","1655","1032","623","1655","1008","598","1606","977","635","1612","1006","631","1637","991","641","1632","1040","613","1653","1039","607","1646","1009","633","1642","1000","674","1687"
"10037","091",TOBACCOVILLE COMMUNITY CENTER,FORSYTH,,"34",118611.35916800000,"670","1008","1783","521","1214","1794","584","1213","1797","491","1219","1710","440","1299","1739","499","1282","1781","477","1302","1779","556","1231","1787","604","1177","1781","488","1297","1785","503","1311","1824"
"10038","092",MACEDONIA BAPTIST CHURCH,FORSYTH,,"34",99520.02606619999,"603","865","1567","498","1025","1578","537","1043","1580","451","1051","1502","407","1123","1530","449","1111","1560","429","1117","1546","516","1050","1566","545","1014","1559","446","1108","1554","442","1146","1601"
"10039","101",BETHANIA MORAVIAN CHURCH,FORSYTH,,"34",55043.03854350000,"1045","503","1626","942","656","1641","985","659","1644","900","674","1574","855","733","1588","919","699","1618","888","718","1606","972","662","1634","986","645","1631","908","719","1627","941","697","1655"
"10040","111",PROVIDENCE MORAVIAN CHURCH,FORSYTH,,"34",105085.79485700000,"500","965","1549","394","1100","1543","436","1109","1545","381","1092","1473","339","1160","1499","371","1161","1532","353","1164","1517","419","1117","1536","433","1099","1532","368","1162","1530","374","1180","1573"
"10041","112",WALKERTOWN LIBRARY,FORSYTH,,"34",109438.00349100000,"1060","1383","2586","863","1656","2599","946","1658","2604","818","1681","2499","759","1766","2525","819","1754","2573","814","1739","2553","911","1677","2588","898","1680","2578","831","1747","2578","828","1796","2651"
"10052","203",MARTIN LUTHER KING REC,FORSYTH,,"34",17275.88006680000,"989","51","1070","991","52","1074","998","66","1064","989","48","1037","979","58","1037","996","61","1057","991","64","1055","1007","59","1066","1005","61","1066","1003","59","1062","1015","66","1093"
"10044","123",FORSYTH FRIENDS MEETING,FORSYTH,,"34",46611.51114100000,"1537","784","2443","1371","1018","2460","1423","1033","2456","1317","1042","2359","1261","1126","2387","1307","1122","2429","1313","1106","2419","1409","1042","2451","1405","1033","2438","1314","1126","2440","1388","1080","2497"
"10053","204",HOME AND GARDEN BUILDING (FAIRGROUNDS),FORSYTH,,"34",35358.04858020000,"908","101","1050","889","121","1044","910","136","1046","881","124","1005","870","140","1010","900","133","1033","896","136","1032","903","135","1038","906","138","1044","877","154","1031","889","164","1070"
"10045","124",,FORSYTH,,"34",42932.83470170000,"1737","591","2450","1620","719","2426","1697","737","2434","1595","707","2302","1534","778","2312","1621","763","2384","1590","781","2371","1651","751","2402","1651","747","2398","1597","788","2385","1662","793","2484"
"10054","205",PAISLEY MIDDLE SCHOOL,FORSYTH,,"34",18384.39840120000,"448","17","479","447","19","476","450","27","477","441","18","459","438","19","457","437","29","466","441","26","467","448","27","475","451","23","474","451","22","473","451","26","481"
"10046","131",VIENNA ELEMENTARY SCHOOL,FORSYTH,,"34",59539.45990750000,"1776","1087","3062","1520","1466","3084","1620","1463","3083","1455","1486","2941","1322","1669","2991","1438","1602","3040","1412","1602","3014","1586","1475","3061","1629","1433","3062","1434","1612","3046","1514","1562","3131"
"10047","132",PFAFFTOWN CHRISTIAN CHURCH,FORSYTH,,"34",71019.70823790002,"2223","1404","3848","1921","1808","3844","2017","1817","3834","1840","1841","3681","1710","2012","3722","1834","1970","3804","1808","1971","3779","1984","1841","3825","2034","1784","3818","1824","1977","3801","1930","1909","3904"
"10050","135",Shiloh Lutheran Church,FORSYTH,,"34",51878.79671060000,"1694","976","2794","1363","1404","2823","1494","1341","2835","1249","1461","2710","1149","1600","2749","1246","1540","2786","1236","1545","2781","1418","1383","2801","1462","1339","2801","1232","1564","2796","1390","1421","2850"
"10051","202",North Point Baptist Church,FORSYTH,,"34",21973.89329920000,"1252","148","1450","1207","200","1450","1231","210","1441","1173","212","1385","1100","287","1387","1181","245","1426","1168","248","1416","1229","209","1438","1228","201","1429","1167","252","1419","1235","224","1475"
"10056","207",NEW HOPE UNITED METHODIST CHURCH Voting District,FORSYTH,,"34",50123.68524320000,"1352","213","1616","1299","262","1605","1331","269","1600","1293","258","1551","1253","297","1550","1308","284","1592","1274","306","1580","1325","273","1598","1321","274","1595","1292","299","1591","1313","303","1633"
"10060","303",JOHN WESLEY AME ZION CHURCH,FORSYTH,,"34",24225.81069290000,"332","19","361","325","18","357","330","27","357","326","13","339","323","21","344","333","20","353","327","23","350","335","27","362","332","24","356","334","24","358","335","20","364"
"10084","607",SHEPHERDS CENTER,FORSYTH,,"34",25938.29578770000,"1290","416","1782","1159","561","1777","1201","577","1778","1133","570","1703","1088","626","1714","1149","606","1755","1127","617","1744","1193","570","1763","1234","543","1777","1144","611","1755","1185","607","1812"
"10061","304",FORSYTH TECH CC MAZIE WOODRUFF CTR,FORSYTH,,"34",39396.10448950000,"1146","61","1243","1136","65","1237","1160","71","1231","1141","63","1204","1114","84","1198","1156","76","1232","1158","69","1227","1166","73","1239","1162","77","1239","1159","74","1233","1154","84","1258"
"10062","305",CARVER HIGH SCHOOL,FORSYTH,,"34",33057.48674690000,"1002","50","1069","991","42","1058","1006","55","1061","993","45","1038","979","56","1035","1002","54","1056","981","63","1044","1013","50","1063","1006","51","1057","1000","62","1062","1015","56","1083"
"10065","402",FOURTEENTH STREET REC,FORSYTH,,"34",23911.17863450000,"652","18","696","658","18","693","665","22","687","651","18","669","650","22","672","664","25","689","659","28","687","668","25","693","663","28","691","663","25","688","674","24","707"
"10066","403",LEAP ACADEMY AT KENNEDY,FORSYTH,,"34",38153.97541640000,"1008","121","1180","992","135","1169","1024","151","1175","991","137","1128","975","157","1132","1003","146","1149","992","154","1146","1018","143","1161","1012","152","1164","993","163","1156","1020","173","1207"
"10068","405",SIMS RECREATION CENTER,FORSYTH,,"34",32912.77319820000,"1390","61","1505","1384","48","1477","1399","66","1465","1372","53","1425","1351","56","1407","1402","67","1469","1385","64","1449","1402","66","1468","1407","52","1459","1396","61","1457","1497","60","1572"
"10085","701",FIRST CHRISTIAN CHURCH,FORSYTH,,"34",29589.96081100000,"841","259","1146","705","431","1154","737","429","1166","625","471","1096","588","532","1120","631","502","1133","610","511","1121","716","434","1150","742","413","1155","635","503","1138","712","449","1174"
"10069","501",ST ANDREWS METHODIST,FORSYTH,,"34",35338.70619560001,"1199","134","1369","1184","145","1365","1205","152","1357","1192","142","1334","1162","166","1328","1192","158","1350","1199","149","1348","1208","150","1358","1214","146","1360","1201","160","1361","1182","190","1384"
"10070","502",FOREST PARK ELEMENTARY,FORSYTH,,"34",27958.33193090000,"761","71","861","760","67","853","773","81","854","755","72","827","741","81","822","771","79","850","760","82","842","775","80","855","771","79","850","768","85","853","780","85","871"
"10073","505",EASTON ELEMENTARY SCHOOL,FORSYTH,,"34",44980.69892600000,"854","219","1129","837","249","1124","855","263","1118","832","246","1078","808","274","1082","841","270","1111","831","266","1097","857","261","1118","857","261","1118","846","264","1110","854","275","1143"
"10086","702",MILLER PARK RECREATION,FORSYTH,,"34",22712.44828290000,"1047","221","1330","953","345","1333","999","332","1331","902","357","1259","866","421","1287","909","394","1303","912","382","1294","967","359","1326","977","347","1324","910","406","1316","983","359","1361"
"10074","506",COVENANT PRESBYTERIAN,FORSYTH,,"34",31232.88016560000,"961","358","1387","889","439","1383","934","444","1378","893","425","1318","841","483","1324","897","473","1370","880","484","1364","929","447","1376","921","456","1377","889","483","1372","879","500","1400"
"10076","508",Linville Forest Church of Christ,FORSYTH,,"34",59074.41321110000,"1447","524","2067","1364","626","2067","1413","650","2063","1343","641","1984","1299","680","1979","1372","677","2049","1357","673","2030","1413","638","2051","1408","652","2060","1361","691","2052","1365","706","2102"
"10079","602",FIRST ALLIANCE CHURCH,FORSYTH,,"34",38743.44973220000,"2387","856","3399","2232","1053","3388","2310","1077","3387","2190","1055","3245","2086","1187","3273","2196","1158","3354","2193","1139","3332","2273","1094","3367","2275","1095","3370","2198","1152","3350","2237","1170","3448"
"10080","603",LATHAM ELEMENTARY,FORSYTH,,"34",25534.32985530000,"1300","223","1589","1247","289","1585","1271","312","1583","1208","289","1497","1172","358","1530","1229","336","1565","1222","342","1564","1281","300","1581","1261","314","1575","1213","355","1568","1248","327","1601"
"10081","604",WSFC SCHOOLS ADMINISTRATION BLDG,FORSYTH,,"34",39283.04337740000,"979","173","1196","920","232","1184","950","226","1176","913","220","1133","891","252","1143","920","244","1164","907","253","1160","935","236","1171","938","236","1174","907","262","1169","933","247","1193"
"10082","605",PARKLAND HIGH SCHOOL,FORSYTH,,"34",62329.28783530000,"1863","614","2591","1755","741","2576","1808","771","2579","1736","753","2489","1683","819","2502","1740","818","2558","1721","816","2537","1817","760","2577","1812","752","2564","1732","825","2557","1773","842","2646"
"10083","606",PHILO MIDDLE SCHOOL,FORSYTH,,"34",24224.15574690000,"873","301","1220","800","364","1211","838","370","1208","796","366","1162","771","401","1172","800","399","1199","795","398","1193","829","373","1202","830","371","1201","798","400","1198","795","423","1234"
"10087","703",ARDMORE BAPTIST CHURCH,FORSYTH,,"34",16294.60417690000,"831","161","1027","765","235","1021","794","229","1023","739","248","987","678","317","995","721","287","1008","717","280","997","775","236","1011","794","223","1017","720","290","1010","770","245","1032"
"10089","705",FORSYTH TECH WEST CAMPUS,FORSYTH,,"34",49784.79692850000,"1442","376","1908","1318","523","1892","1371","535","1906","1266","551","1817","1214","622","1836","1274","598","1872","1275","596","1871","1345","542","1887","1340","545","1885","1276","605","1881","1320","592","1938"
"10090","706",SOUTH FORK ELEMENTARY,FORSYTH,,"34",20227.95722940000,"613","246","907","572","311","913","596","315","911","546","312","858","523","343","866","556","342","898","551","340","891","589","313","902","582","315","897","560","337","897","552","351","914"
"10092","708",LITTLE CREEK RECREATION,FORSYTH,,"34",49350.91029240000,"2236","963","3374","2007","1299","3383","2086","1292","3378","1927","1303","3230","1832","1428","3260","1947","1388","3335","1904","1411","3315","2044","1315","3359","2068","1285","3353","1921","1413","3334","1968","1418","3440"
"10093","709",WARD ELEMENTARY SCHOOL,FORSYTH,,"34",64622.71593820000,"1779","548","2456","1617","767","2458","1676","787","2463","1553","813","2366","1441","933","2374","1543","885","2428","1539","861","2400","1645","797","2442","1663","778","2441","1552","887","2439","1601","854","2491"
"10094","801",POLO PARK RECREATION CTR,FORSYTH,,"34",26558.84311370000,"835","218","1097","732","331","1098","781","310","1091","703","346","1049","683","388","1071","702","379","1081","696","379","1075","768","323","1091","761","325","1086","711","374","1085","744","346","1106"
"10097","804",SHERWOOD FOREST ELEM SCHOOL,FORSYTH,,"34",30059.01536700000,"764","257","1074","638","422","1084","677","417","1094","565","456","1021","534","519","1053","567","493","1060","548","494","1042","656","423","1079","688","397","1085","574","485","1059","638","424","1076"
"10098","805",MESSIAH MORAVIAN CHURCH,FORSYTH,,"34",30863.91536600000,"1474","494","2084","1264","799","2101","1318","781","2099","1148","849","1997","1039","1006","2045","1138","923","2061","1121","928","2049","1289","795","2084","1357","723","2080","1157","921","2078","1282","812","2120"
"10099","806",TRINITY UNITED METHODIST CHURCH,FORSYTH,,"34",34391.49315030000,"1037","441","1561","865","694","1593","921","675","1596","794","735","1529","706","837","1543","763","799","1562","755","796","1551","899","687","1586","910","669","1579","776","796","1572","846","757","1622"
"10100","807",CALVARY BAPTIST CHURCH - BOY SCOUT HUT,FORSYTH,,"34",30970.33478600000,"992","493","1575","857","681","1576","891","684","1575","781","723","1504","718","816","1534","779","776","1555","751","790","1541","867","696","1563","906","663","1569","772","784","1556","822","762","1602"
"10101","808",W-S FIRST SEVENTH DAY ADVENTIST CHURCH,FORSYTH,,"34",37038.48154550000,"1772","540","2435","1629","686","2405","1705","703","2408","1566","704","2270","1495","803","2298","1579","788","2367","1548","796","2344","1683","710","2393","1693","698","2391","1581","796","2377","1644","806","2478"
"10102","809",JEFFERSON MIDDLE,FORSYTH,,"34",34760.30804070000,"1680","547","2367","1396","956","2408","1496","909","2405","1248","1046","2294","1150","1197","2347","1258","1102","2360","1216","1128","2344","1452","940","2392","1497","891","2388","1245","1132","2377","1437","960","2430"
"10103","901",REYNOLDS HIGH GIRLS GYM,FORSYTH,,"34",25392.18274940000,"1220","232","1506","1069","420","1513","1103","417","1520","981","466","1447","947","530","1477","981","504","1485","980","497","1477","1091","411","1502","1107","401","1508","973","519","1492","1075","423","1521"
"10109","907",ST ANNES EPISCOPAL,FORSYTH,,"34",27918.55470140000,"1113","352","1533","1003","486","1532","1057","484","1541","976","503","1479","927","555","1482","985","533","1518","958","547","1505","1050","477","1527","1055","475","1530","968","547","1515","1015","505","1543"
"10110","908",OLD TOWN BAPTIST CHURCH,FORSYTH,,"34",40495.78190080000,"1582","647","2344","1335","969","2349","1414","938","2352","1228","1015","2243","1150","1135","2285","1235","1074","2309","1218","1078","2296","1376","959","2335","1424","913","2337","1228","1095","2323","1365","993","2384"
"10111","909",OLD TOWN RECREATION CTR,FORSYTH,,"34",28054.96177870000,"699","372","1126","629","459","1120","665","457","1122","595","479","1074","575","512","1087","619","484","1103","601","508","1109","647","468","1115","665","442","1107","601","508","1109","624","492","1132"
"10112","01",BRYAN,SURRY,,"86",225167.02928100000,"393","1061","1523","311","1187","1524","343","1175","1518","294","1179","1473","256","1238","1494","293","1209","1502","288","1204","1492","332","1180","1512","368","1137","1505","293","1215","1508","283","1239","1531"
"10113","04",DOBSON 3,SURRY,,"86",167084.25012899999,"510","843","1428","393","1005","1430","430","1003","1433","364","1023","1387","301","1108","1409","348","1077","1425","338","1081","1419","427","1002","1429","486","948","1434","378","1044","1422","352","1079","1445"
"10114","05",ELDORA,SURRY,,"86",128839.11888700000,"418","1477","2000","296","1673","2022","332","1688","2020","257","1717","1974","208","1782","1990","268","1739","2007","243","1752","1995","330","1682","2012","376","1639","2015","260","1751","2011","231","1797","2038"
"10115","09",FRANKLIN,SURRY,,"86",207326.93286199999,"252","795","1094","197","870","1094","235","857","1092","189","871","1060","165","903","1068","187","895","1082","183","897","1080","210","876","1086","229","855","1084","189","895","1084","178","927","1110"
"10116","10",LONGHILL,SURRY,,"86",106940.10966099999,"223","690","973","142","813","978","163","817","980","128","830","958","112","853","965","120","854","974","121","849","970","162","819","981","177","802","979","128","849","977","122","860","987"
"10117","11",MARSH,SURRY,,"86",181720.81143300000,"333","657","1048","249","761","1036","286","759","1045","245","766","1011","202","812","1014","241","800","1041","234","804","1038","286","759","1045","313","731","1044","247","792","1039","234","818","1060"
"10118","12",MT AIRY 1,SURRY,,"86",44487.27944130000,"689","726","1498","546","897","1504","588","909","1497","511","924","1435","464","990","1454","507","986","1493","498","986","1484","568","938","1506","591","904","1495","521","974","1495","519","1006","1539"
"10119","15",MT AIRY 5,SURRY,,"86",108892.57988000000,"435","836","1348","358","933","1347","392","955","1347","348","955","1303","314","994","1308","340","1002","1342","332","1001","1333","393","950","1343","378","960","1338","341","997","1338","332","1033","1372"
"10120","16",MT AIRY 6,SURRY,,"86",68874.30324750002,"295","719","1074","231","820","1082","242","837","1079","200","852","1052","172","887","1059","195","881","1076","184","884","1068","232","852","1084","256","822","1078","197","879","1076","186","900","1093"
"10121","17",MT AIRY 7,SURRY,,"86",100317.08763500000,"342","611","1003","243","722","991","280","716","996","216","749","965","205","776","981","225","761","986","216","762","978","269","719","988","269","712","981","224","759","983","232","777","1014"
"10122","18",MT AIRY 8,SURRY,,"86",80077.80216040000,"529","977","1580","379","1174","1599","424","1175","1599","347","1192","1539","281","1273","1554","334","1241","1575","322","1249","1571","407","1179","1586","441","1148","1589","342","1235","1577","345","1266","1622"
"10123","19",MT AIRY 9,SURRY,,"86",85372.83235300002,"747","1254","2099","581","1479","2119","637","1488","2125","559","1499","2058","510","1571","2081","546","1559","2105","549","1553","2102","609","1506","2115","644","1472","2116","557","1547","2104","545","1594","2150"
"10124","22",ROCKFORD,SURRY,,"86",140020.90083100001,"269","654","954","202","733","953","217","734","951","181","744","925","151","789","940","170","778","948","170","767","937","211","736","947","234","706","940","184","762","946","177","781","963"
"10125","23",SHOALS,SURRY,,"86",148758.64260200001,"348","776","1185","254","890","1183","276","907","1183","212","926","1138","175","982","1157","206","964","1170","191","977","1168","258","916","1174","337","841","1178","221","954","1175","215","984","1203"
"10126","24",SILOAM,SURRY,,"86",127600.96635300000,"171","451","661","123","518","658","129","530","659","108","530","638","84","557","641","103","547","650","100","551","651","132","519","651","142","515","657","108","543","651","90","568","668"
"10127","25",STEWARTS CREEK 1,SURRY,,"86",195578.95547399999,"337","746","1127","274","820","1117","292","828","1120","249","843","1092","213","889","1102","239","872","1111","229","877","1106","275","839","1114","320","790","1110","243","867","1110","233","902","1142"
"10128","26",STEWARTS CREEK 2,SURRY,,"86",202190.59433100000,"557","1464","2113","421","1652","2120","448","1674","2122","383","1677","2060","316","1771","2087","370","1719","2089","363","1707","2070","423","1672","2095","466","1630","2096","386","1709","2095","362","1789","2164"
"10129","27",NORTH WESTFIELD,SURRY,,"86",172291.52467099999,"351","840","1268","262","951","1269","299","975","1274","236","994","1230","207","1045","1252","236","1021","1257","223","1028","1251","271","994","1265","304","951","1255","240","1022","1262","222","1065","1291"
"10130","28",SOUTH WESTFIELD,SURRY,,"86",160079.22926600001,"292","732","1090","233","835","1094","256","845","1101","225","833","1058","191","886","1077","208","879","1087","202","878","1080","258","836","1094","282","809","1091","214","869","1083","213","882","1101"
"10131","29",DOBSON COMBINED,SURRY,,"86",206437.74145300000,"802","1430","2346","611","1690","2357","683","1670","2353","579","1709","2288","485","1842","2327","575","1768","2343","546","1776","2322","669","1684","2353","718","1625","2343","594","1739","2333","547","1832","2399"
"10132","30",ELKIN,SURRY,,"86",143669.96075599999,"1562","1795","3504","1212","2241","3529","1355","2157","3512","1179","2187","3366","1025","2395","3420","1146","2308","3454","1125","2306","3431","1304","2184","3488","1394","2069","3463","1158","2300","3458","1208","2323","3554"
"10133","32",PILOT,SURRY,,"86",124108.66742600000,"883","1542","2540","673","1813","2545","719","1830","2549","587","1860","2447","508","1982","2490","578","1943","2521","561","1947","2508","717","1813","2530","791","1741","2532","598","1917","2515","609","1939","2575"
"10134","34",MT AIRY COMBINED,SURRY,,"86",89499.68844220000,"1562","1547","3302","1224","1987","3313","1304","2020","3324","1124","2090","3214","945","2288","3233","1072","2202","3274","1065","2183","3248","1289","2016","3305","1362","1943","3305","1098","2182","3280","1173","2176","3378"
"1639",HN,Hillsborough North,ORANGE,,"68",63280.45249200000,"1752","556","2417","1610","779","2435","1648","780","2428","1522","807","2329","1423","948","2371","1509","887","2396","1519","867","2386","1639","776","2415","1655","749","2404","1530","862","2392","1616","830","2474"
"10135",CRD118,Crossroads,CHATHAM,,"19",191568.41760900000,"262","1064","1357","182","1139","1355","205","1157","1362","159","1149","1308","128","1215","1343","151","1185","1336","153","1168","1321","229","1126","1355","249","1090","1339","173","1159","1332","155","1218","1379"
"10136",GLD118,GOLDSTON,CHATHAM,,"19",286678.49894899997,"1050","1369","2538","940","1539","2540","975","1575","2550","882","1558","2440","801","1685","2486","859","1638","2497","874","1615","2489","989","1531","2520","984","1527","2511","897","1620","2517","901","1660","2587"
"10138",WM,WEST MOYOCK,CURRITUCK,,"27",160500.01078800001,"839","2162","3134","820","2201","3117","831","2284","3115","788","2187","2975","769","2234","3003","797","2282","3079","776","2294","3070","835","2261","3096","809","2279","3088","789","2287","3076","808","2330","3174"
"10139",CO,COINJOCK,CURRITUCK,,"27",159781.75939600001,"217","483","732","213","476","723","211","515","726","205","481","686","193","499","692","205","508","713","201","513","714","227","493","720","208","507","715","207","505","712","213","533","757"
"10137",MON113,MONCURE,CHATHAM,,"19",309357.30093700002,"796","942","1841","703","1072","1846","745","1097","1842","663","1087","1750","618","1161","1779","672","1137","1809","656","1157","1813","769","1054","1823","733","1083","1816","673","1142","1815","681","1155","1858"
"10140",EM,EAST MOYOCK,CURRITUCK,,"27",124188.01006700000,"660","1868","2642","650","1886","2634","668","1958","2626","615","1894","2509","595","1931","2526","623","1984","2607","591","1998","2589","666","1951","2617","648","1962","2610","616","1994","2610","632","2018","2675"
"10142",W33,W33,NEW HANOVER,,"65",59844.21043020000,"2552","1699","4527","2084","2392","4566","2179","2416","4595","1865","2494","4359","1756","2652","4408","1880","2648","4528","1782","2695","4477","2135","2420","4555","2130","2393","4523","1789","2715","4504","2031","2603","4671"
"10146","134",Grace Baptist Church,FORSYTH,,"34",97243.97523500001,"1491","1121","2789","1224","1513","2811","1310","1498","2808","1110","1547","2657","998","1719","2717","1087","1670","2757","1068","1669","2737","1264","1509","2773","1294","1497","2791","1097","1654","2751","1193","1619","2843"
"10148","0071",LOWER FORK,BURKE,,"12",207563.25478399999,"406","1233","1709","355","1311","1706","384","1321","1705","325","1324","1649","306","1349","1655","342","1350","1692","317","1368","1685","358","1335","1693","358","1332","1690","336","1353","1689","325","1393","1726"
"10149","0072",PILOT MOUNTAIN,BURKE,,"12",189286.45362799999,"662","1744","2549","545","1901","2533","601","1933","2534","501","1929","2430","461","1991","2452","496","2027","2523","483","2025","2508","546","1976","2522","564","1950","2514","517","1998","2515","482","2091","2591"
"761",120A,ROCK CREEK,WILKES,,"97",154841.25536600000,"667","2259","3046","534","2466","3067","590","2476","3066","489","2472","2961","415","2581","2996","495","2541","3036","477","2544","3021","572","2480","3052","611","2421","3032","486","2543","3029","475","2622","3113"
"4506",WM1,WILLIAMSTON 1,MARTIN,,"58",161080.57694999999,"1172","805","2044","1123","872","2049","1157","899","2056","1069","910","1979","1017","1005","2022","1084","969","2053","1062","948","2010","1211","846","2057","1183","861","2044","1091","950","2041","1075","1010","2095"
"10150",JMV,JAMESVILLE,MARTIN,,"58",325045.51317400002,"617","972","1634","558","1051","1636","571","1065","1636","537","1054","1591","481","1135","1616","526","1095","1621","518","1091","1609","592","1041","1633","599","1022","1621","542","1084","1626","534","1124","1669"
"10151",GRF,GRIFFINS,MARTIN,,"58",223622.47206000000,"340","725","1092","282","782","1084","303","784","1087","258","782","1040","222","863","1085","258","821","1079","234","823","1057","335","746","1081","325","751","1076","270","806","1076","241","860","1110"
"1962",GSN,GOOSE NEST,MARTIN,,"58",254906.93991099999,"406","281","710","391","302","711","408","300","708","379","305","684","361","345","706","383","319","702","369","320","689","424","287","711","402","304","706","383","318","701","386","338","725"
"2386",RBV,ROBERSONVILLE,MARTIN,,"58",174449.25339500001,"1007","487","1540","983","523","1542","998","543","1541","965","545","1510","925","584","1509","954","584","1538","948","566","1514","1011","537","1548","1011","531","1542","971","567","1538","939","614","1563"
"2286",HMT,HAMILTON,MARTIN,,"58",345025.64539000002,"438","293","758","404","319","748","430","317","747","398","329","727","375","357","732","399","342","741","385","338","723","425","316","741","418","317","735","393","344","737","389","379","772"
"3000",DV1A1A,DAVIDSON #1A,IREDELL,,"49",128487.39594100000,"1974","2564","4831","1551","3162","4839","1678","3178","4856","1410","3241","4651","1372","3284","4656","1433","3361","4794","1345","3423","4768","1528","3284","4812","1538","3254","4792","1364","3422","4786","1546","3378","4971"
"3001",DV3A,DAVIDSON #3A,IREDELL,,"49",114270.63848400000,"1835","1976","4099","1542","2429","4113","1629","2487","4116","1410","2482","3892","1384","2531","3915","1425","2634","4059","1388","2667","4055","1519","2564","4083","1537","2521","4058","1371","2681","4052","1508","2643","4206"
"3002",PHB1A,PINEHURST B1,MOORE,,"63",57554.23828460000,"1311","1103","2585","1103","1496","2646","1125","1526","2651","968","1586","2554","916","1650","2566","945","1646","2591","935","1636","2571","1100","1532","2632","1112","1509","2621","965","1637","2602","1063","1604","2681"
"3003",WKWD1,WEST KNOLLWOOD,MOORE,,"63",87669.17140390002,"1059","928","2142","820","1317","2195","873","1321","2194","733","1345","2078","682","1430","2112","713","1413","2126","728","1395","2123","835","1321","2156","830","1322","2152","739","1398","2137","834","1386","2237"
"3004",03-02,03-02,WAKE,,"92",141136.25351899999,"1745","838","2737","1520","1147","2742","1589","1157","2746","1409","1205","2614","1284","1377","2661","1422","1283","2705","1367","1335","2702","1571","1154","2725","1605","1109","2714","1398","1314","2712","1512","1233","2784"
"3005",06-12,06-12,WAKE,,"92",72791.01677580000,"4181","2139","6724","3578","2960","6719","3709","3013","6722","3309","3112","6421","3127","3343","6470","3318","3293","6611","3213","3363","6576","3576","3063","6639","3682","2960","6642","3272","3347","6619","3552","3168","6817"
"3006",17-14,17-14,WAKE,,"92",87657.67301720000,"3255","983","4445","3089","1190","4433","3178","1236","4414","3069","1211","4280","2906","1383","4289","3079","1320","4399","3059","1325","4384","3227","1185","4412","3158","1246","4404","3043","1357","4400","3079","1323","4476"
"3007",19-23,19-23,WAKE,,"92",59499.62124850000,"2956","1388","4573","2601","1836","4567","2745","1822","4567","2481","1814","4295","2394","2005","4399","2527","1977","4504","2484","2016","4500","2733","1803","4536","2731","1791","4522","2494","2010","4504","2609","1954","4628"
"3008",03-01,03-01,WAKE,,"92",70646.20875280000,"3122","1239","4610","2727","1749","4573","2818","1767","4585","2552","1815","4367","2379","2075","4454","2548","1951","4499","2497","1986","4483","2764","1770","4534","2837","1713","4550","2502","2015","4517","2719","1854","4645"
"3009",06-11,06-11,WAKE,,"92",57886.92534040000,"762","348","1168","679","443","1154","707","451","1158","644","466","1110","612","505","1117","649","491","1140","622","514","1136","676","475","1151","700","449","1149","624","516","1140","671","480","1177"
"3010",17-15,17-15,WAKE,,"92",72688.45203990000,"1581","576","2258","1458","713","2248","1528","725","2253","1425","747","2172","1341","856","2197","1442","786","2228","1427","798","2225","1526","717","2243","1515","733","2248","1435","798","2233","1461","804","2287"
"3011",19-22,19-22,WAKE,,"92",38450.27979900001,"1821","930","2956","1575","1337","2983","1681","1291","2972","1483","1343","2826","1408","1482","2890","1501","1431","2932","1474","1448","2922","1653","1310","2963","1658","1298","2956","1483","1451","2934","1596","1390","3019"
"3012",21-1,BESSEMER CITY #2,GASTON,,"36",89713.77095239999,"679","831","1590","618","932","1596","651","945","1596","598","943","1541","581","958","1539","612","965","1577","588","988","1576","634","942","1576","624","955","1579","599","982","1581","596","1020","1626"
"3013",29-1,NEW HOPE,GASTON,,"36",126140.21602300000,"2029","2300","4611","1707","2843","4650","1847","2822","4669","1541","2899","4440","1512","2974","4486","1537","3037","4574","1503","3077","4580","1655","2938","4593","1633","2964","4597","1509","3073","4582","1631","3032","4715"
"3014",28-1,CRAMERTON,GASTON,,"36",70584.27225670000,"1779","1605","3646","1555","1989","3655","1696","1978","3674","1434","2034","3468","1377","2113","3490","1429","2159","3588","1450","2152","3602","1547","2077","3624","1574","2032","3606","1416","2177","3593","1519","2156","3725"
"3015",19-1,SOUTH GASTONIA,GASTON,,"36",131516.68103000001,"1272","1812","3259","1134","2038","3259","1192","2073","3265","1069","2084","3153","1029","2123","3152","1063","2171","3234","1051","2176","3227","1097","2141","3238","1091","2146","3237","1059","2180","3239","1086","2229","3334"
"3016",06-1,MYRTLE,GASTON,,"36",45608.92504880000,"795","294","1130","804","295","1131","814","318","1132","779","311","1090","777","319","1096","800","326","1126","780","345","1125","791","332","1123","802","323","1125","791","332","1123","788","350","1148"
"3017",14-1,GARDNER PARK,GASTON,,"36",38486.69161460000,"1094","907","2153","991","1110","2169","1045","1118","2163","925","1126","2051","916","1172","2088","937","1199","2136","915","1214","2129","995","1154","2149","991","1154","2145","930","1211","2141","956","1215","2194"
"3018",25-1,BELMONT #3,GASTON,,"36",62407.91905910000,"607","768","1459","522","903","1467","572","902","1474","485","929","1414","467","954","1421","484","966","1450","487","957","1444","530","927","1457","522","924","1446","481","965","1446","502","985","1496"
"3019",30-1,MCADENVILLE,GASTON,,"36",71123.03032180000,"628","870","1603","528","1019","1605","587","1028","1615","493","1051","1544","474","1077","1551","493","1091","1584","476","1107","1583","532","1057","1589","536","1051","1587","494","1095","1589","501","1144","1654"
"3020",32-1,LOWELL,GASTON,,"36",51365.85833420000,"708","953","1776","621","1096","1771","663","1111","1774","583","1109","1692","570","1132","1702","586","1178","1764","575","1181","1756","619","1151","1770","601","1160","1761","587","1175","1762","580","1230","1827"
"3021",26-1,CATAWBA HEIGHTS,GASTON,,"36",40748.27915500000,"1333","1267","2757","1191","1472","2747","1267","1491","2758","1113","1515","2628","1088","1557","2645","1130","1602","2732","1123","1598","2721","1179","1555","2734","1190","1542","2732","1102","1626","2728","1145","1628","2803"
"3022",18-1,ASHBROOK,GASTON,,"36",47367.68820640000,"1793","1160","3135","1668","1384","3140","1758","1379","3137","1596","1409","3005","1562","1456","3018","1607","1491","3098","1560","1531","3091","1671","1442","3113","1659","1450","3109","1586","1514","3100","1632","1517","3194"
"3023",04-1,FOREST HEIGHTS,GASTON,,"36",101459.75008300001,"1748","1710","3647","1623","1926","3643","1684","1966","3650","1561","1943","3504","1547","1979","3526","1588","2030","3618","1568","2035","3603","1603","2015","3618","1609","2002","3611","1582","2027","3609","1581","2109","3724"
"3024","044","044",UNION,,"90",29967.94518460000,"0","0","0","0","0","0","0","0","0","0","0","0","0","0","0","0","0","0","0","0","0","0","0","0","0","0","0","0","0","0","0","0","0"
"3025",0020A,0020A,UNION,,"90",73500.93653110000,"1479","1286","2982","1326","1537","2976","1420","1562","2982","1274","1536","2810","1226","1594","2820","1265","1640","2905","1212","1673","2885","1351","1575","2926","1318","1588","2906","1251","1656","2907","1339","1668","3049"
"3026","0030","030",UNION,,"90",59303.23715370000,"1659","1769","3614","1469","2077","3629","1520","2106","3626","1411","2074","3485","1350","2149","3499","1379","2192","3571","1355","2215","3570","1475","2132","3607","1458","2122","3580","1375","2211","3586","1430","2220","3688"
"3027","0005","005",UNION,,"90",76203.07975790002,"1429","1485","3090","1289","1694","3084","1326","1756","3082","1224","1720","2944","1178","1765","2943","1225","1805","3030","1209","1819","3028","1303","1765","3068","1270","1776","3046","1213","1816","3029","1254","1867","3150"
"3028",020B,0020B,UNION,,"90",98390.74673290001,"0","0","0","0","0","0","0","0","0","0","0","0","0","0","0","0","0","0","0","0","0","0","0","0","0","0","0","0","0","0","0","0","0"
"3029","0019","019",UNION,,"90",112827.12351300000,"1745","2030","4025","1523","2402","4031","1592","2438","4030","1400","2412","3812","1343","2488","3831","1441","2513","3954","1364","2574","3938","1505","2488","3993","1499","2490","3989","1408","2563","3971","1514","2552","4107"
"3030","045","045",UNION,,"90",55438.64291310000,"0","0","0","0","0","0","0","0","0","0","0","0","0","0","0","0","0","0","0","0","0","0","0","0","0","0","0","0","0","0","0","0","0"
"3031","0110",ALBEMARLE 10.1,STANLY,,"84",81998.73361810000,"642","747","1492","584","842","1493","625","866","1491","572","847","1419","524","909","1433","567","912","1479","574","897","1471","615","871","1486","583","889","1472","571","912","1483","563","924","1511"
"3032","0113",SOUTH ALBEMARLE 1,STANLY,,"84",162614.95635299999,"257","714","1036","222","781","1031","224","805","1029","185","807","992","157","834","991","177","847","1024","171","844","1015","215","809","1024","211","806","1017","189","834","1023","182","865","1056"
"3033","0107",ALBEMARLE 7.1,STANLY,,"84",70588.36222690000,"892","943","1945","815","1059","1941","835","1106","1941","769","1078","1847","722","1145","1867","769","1156","1925","749","1162","1911","834","1101","1935","804","1125","1929","783","1146","1929","777","1175","1971"
"3034","0108",ALBEMARLE 8.1,STANLY,,"84",32914.24181170000,"761","148","947","777","156","951","782","169","951","765","149","914","750","165","915","764","175","939","754","178","932","783","162","945","768","173","941","769","172","941","775","176","957"
"3035","0120",ALMOND 1,STANLY,,"84",141481.59876600001,"485","1716","2338","373","1904","2338","395","1946","2341","339","1905","2244","292","1994","2286","314","2005","2319","326","1980","2306","370","1951","2321","373","1944","2317","332","1984","2316","317","2048","2374"
"3036",FLHE,FLAT RIVER,PERSON,,"73",153918.16124600000,"1659","2543","4372","1380","2856","4357","1452","2900","4352","1282","2864","4146","1143","3114","4257","1244","3025","4269","1245","2990","4235","1536","2789","4325","1422","2848","4270","1287","2975","4262","1316","3163","4507"
"3037",RCOB,ROXBORO CENTRAL,PERSON,,"73",133785.56598700001,"1680","1195","3011","1538","1343","2981","1591","1409","3000","1479","1388","2867","1381","1525","2906","1474","1475","2949","1456","1450","2906","1641","1349","2990","1594","1378","2972","1495","1457","2952","1538","1550","3119"
"3038",ROXL,ROXBORO 4,PERSON,,"73",86430.19388979999,"769","509","1333","694","572","1320","732","597","1329","681","584","1265","647","628","1275","665","630","1295","674","607","1281","752","558","1310","716","580","1296","687","612","1299","697","666","1377"
"3039",30-3,30-3,DURHAM,,"32",48474.10557810000,"3335","657","4134","3221","789","4125","3303","828","4131","3206","812","4018","3067","946","4013","3187","918","4105","3178","921","4099","3283","828","4111","3277","832","4109","3174","931","4105","3217","887","4165"
"3040",30-4,30-4,DURHAM,,"32",49321.00586240000,"3547","637","4347","3383","836","4336","3449","881","4330","3267","872","4139","3201","982","4183","3346","953","4299","3299","1004","4303","3417","894","4311","3453","864","4317","3280","1010","4290","3377","886","4346"
"3041",33-1,33-1,DURHAM,,"32",75927.71347880000,"3927","812","4936","3676","1119","4917","3778","1143","4921","3577","1152","4729","3431","1341","4772","3619","1251","4870","3567","1285","4852","3728","1161","4889","3740","1151","4891","3523","1331","4854","3663","1214","4954"
"3042",33-2,33-2,DURHAM,,"32",81632.98330810000,"3539","605","4317","3437","739","4293","3520","775","4295","3353","747","4100","3246","883","4129","3390","857","4247","3349","909","4258","3479","791","4270","3492","774","4266","3324","929","4253","3407","850","4348"
"3043",35-4,35-4,DURHAM,,"32",47933.34783730000,"3424","579","4160","3274","791","4161","3355","809","4164","3148","864","4012","3010","1032","4042","3186","933","4119","3125","995","4120","3318","818","4136","3323","808","4131","3132","983","4115","3253","825","4170"
"3044",35-5,35-5,DURHAM,,"32",64815.92910760000,"3311","449","3920","3162","634","3906","3252","661","3913","3090","653","3743","2976","817","3793","3149","737","3886","3091","786","3877","3231","666","3897","3221","670","3891","3070","807","3877","3145","698","3926"
"3045","56","56",DURHAM,,"32",47359.19997010000,"3851","423","4416","3561","789","4414","3644","774","4418","3373","896","4269","3210","1098","4308","3388","971","4359","3360","999","4359","3606","786","4392","3596","794","4390","3335","1029","4364","3563","821","4443"
"3046","8",HIBRITEN,CALDWELL,,"14",132027.36110000001,"1264","1812","3239","1076","2078","3247","1159","2101","3260","975","2138","3113","862","2294","3156","948","2262","3210","937","2243","3180","1082","2146","3228","1113","2096","3209","985","2227","3212","1020","2264","3313"
"3047","9",BATON,CALDWELL,,"14",91177.36367630000,"539","1660","2324","409","1838","2314","453","1865","2318","371","1856","2227","349","1908","2257","374","1921","2295","366","1921","2287","435","1873","2308","418","1881","2299","382","1916","2298","378","1962","2354"
"3048","10",CAJAHS MOUNTAIN,CALDWELL,,"14",77184.79005960000,"642","1836","2601","520","2009","2600","566","2039","2605","454","2029","2483","422","2092","2514","461","2110","2571","440","2115","2555","534","2054","2588","531","2044","2575","476","2098","2574","471","2153","2637"
"3049","11",SAWMILLS,CALDWELL,,"14",89457.95326780000,"696","1979","2825","562","2185","2830","627","2209","2836","502","2223","2725","480","2275","2755","508","2302","2810","489","2306","2795","595","2233","2828","600","2216","2816","510","2306","2816","509","2344","2872"
"3050","12",PATTERSON,CALDWELL,,"14",270098.54543300002,"541","1413","2054","463","1524","2045","471","1577","2048","418","1544","1962","365","1622","1987","406","1617","2023","389","1623","2012","461","1574","2035","433","1592","2025","404","1624","2028","427","1639","2077"
"3051","13",HUDSON,CALDWELL,,"14",130998.12944300000,"1235","3102","4548","987","3463","4570","1095","3479","4574","913","3511","4424","829","3619","4448","901","3637","4538","876","3643","4519","998","3542","4540","1013","3523","4536","907","3627","4534","871","3740","4639"
"3052","14",GRACE CHAPEL,CALDWELL,,"14",120643.22899600001,"1296","2539","4074","1072","2899","4074","1154","2939","4093","940","2973","3913","878","3045","3923","941","3076","4017","897","3098","3995","1082","2971","4053","1077","2935","4012","927","3086","4013","1005","3076","4115"
"3053","15",DUDLEY SHOALS,CALDWELL,,"14",99518.31229479999,"477","1521","2128","377","1702","2135","405","1733","2138","318","1751","2069","288","1787","2075","325","1801","2126","297","1817","2114","376","1752","2128","356","1765","2121","319","1807","2126","313","1828","2157"
"3054","1",GAMEWELL,CALDWELL,,"14",142209.82342800000,"1092","2499","3782","928","2750","3783","974","2815","3789","850","2790","3640","834","2842","3676","857","2887","3744","815","2906","3721","945","2824","3769","902","2850","3752","861","2888","3749","848","2963","3848"
"3055","2",COLLETTSVILLE,CALDWELL,,"14",340840.64803500002,"533","1141","1759","446","1261","1756","470","1289","1759","401","1300","1701","389","1335","1724","405","1332","1737","391","1332","1723","449","1295","1744","439","1298","1737","417","1320","1737","428","1356","1793"
"3056","3",KINGS CREEK,CALDWELL,,"14",175342.62738799999,"248","727","1036","204","793","1031","219","815","1034","193","807","1000","177","830","1007","191","841","1032","191","829","1020","216","813","1029","205","825","1030","198","824","1022","194","847","1051"
"3057","4",OAK HILL,CALDWELL,,"14",198077.45743499999,"507","1797","2439","404","1978","2445","449","1993","2442","362","1999","2361","309","2069","2378","360","2064","2424","355","2067","2422","414","2015","2429","402","2019","2421","355","2069","2424","363","2098","2472"
"3058","5",GRANITE FALLS,CALDWELL,,"14",77492.84094630000,"725","1504","2364","621","1664","2368","674","1697","2371","581","1684","2265","522","1767","2289","573","1776","2349","566","1780","2346","635","1722","2357","617","1736","2353","582","1768","2350","573","1820","2414"
"3059","7",LENOIR,CALDWELL,,"14",93976.73153950000,"1333","1921","3436","1172","2169","3449","1219","2231","3450","1087","2221","3308","1062","2266","3328","1113","2308","3421","1086","2311","3397","1216","2224","3440","1164","2252","3416","1121","2296","3417","1136","2349","3511"
"3060","6",FREEDMAN,CALDWELL,,"14",177725.17094300000,"1795","2087","4091","1680","2302","4092","1729","2344","4073","1585","2343","3928","1533","2424","3957","1617","2438","4055","1598","2425","4023","1690","2373","4063","1647","2407","4054","1615","2446","4061","1600","2531","4159"
"3061",03SE,SOUTH BOONE E,ALAMANCE,,"1",73725.41713260002,"1728","1008","2875","1570","1249","2888","1614","1275","2889","1476","1310","2786","1390","1417","2807","1481","1369","2850","1475","1360","2835","1620","1255","2875","1635","1228","2863","1467","1378","2845","1540","1359","2930"
"3062",03SM,SOUTH BOONE M,ALAMANCE,,"1",52413.14425710000,"1842","1020","3017","1630","1334","3041","1682","1373","3055","1544","1386","2930","1418","1547","2965","1523","1489","3012","1534","1475","3009","1674","1358","3032","1717","1305","3022","1530","1480","3010","1575","1460","3080"
"3063",W35,W35,NEW HANOVER,,"65",58102.80347320000,"2263","933","3430","2065","1213","3403","2136","1268","3404","1946","1264","3210","1905","1333","3238","2011","1349","3360","1935","1396","3331","2099","1283","3382","2086","1289","3375","1971","1401","3372","2020","1400","3474"
"3064",W34,W34,NEW HANOVER,,"65",42611.93791890001,"2951","1108","4313","2653","1440","4235","2751","1479","4230","2507","1452","3959","2473","1517","3990","2608","1535","4143","2536","1573","4109","2684","1518","4202","2694","1481","4175","2532","1616","4148","2656","1688","4403"
"3065",UU18,Upper Union,PENDER,"0","71",218504.53191399999,"421","728","1190","382","788","1193","396","803","1199","372","800","1172","349","829","1178","373","814","1187","362","811","1173","385","806","1191","383","804","1187","362","827","1189","359","848","1217"
"3066",ECL109,East Chapel,CHATHAM,,"19",54077.38111110000,"4229","820","5239","3920","1214","5225","4000","1235","5235","3744","1265","5009","3632","1438","5070","3766","1370","5136","3698","1436","5134","3934","1242","5176","3963","1212","5175","3718","1439","5157","3916","1275","5269"
"3067",WCL108,West Chapel,CHATHAM,,"19",150775.20926999999,"2503","668","3288","2323","926","3306","2348","964","3312","2230","962","3192","2128","1106","3234","2238","1023","3261","2237","1020","3257","2364","922","3286","2360","925","3285","2237","1029","3266","2315","984","3338"
"3068",EPP112,East Pittsboro,CHATHAM,,"19",167068.70562800000,"2100","873","3111","1967","1078","3112","2011","1109","3120","1879","1093","2972","1808","1224","3032","1859","1214","3073","1880","1184","3064","1988","1094","3082","1997","1081","3078","1880","1189","3069","1946","1170","3150"
"3069",WPP114,West Pittsboro,CHATHAM,,"19",181603.08595099999,"3021","1393","4638","2702","1851","4655","2767","1882","4649","2547","1921","4468","2455","2092","4547","2576","2005","4581","2523","2020","4543","2779","1827","4606","2751","1843","4594","2574","2015","4589","2683","1989","4722"
"3070",AL51-3,ALDERMAN3,CUMBERLAND,,"26",116216.57514900000,"381","824","1272","322","909","1267","328","946","1274","310","906","1216","296","939","1235","317","946","1263","299","962","1261","346","920","1266","326","930","1256","310","952","1262","306","987","1299"
"3071",AL51-1,ALDERMAN1,CUMBERLAND,,"26",51123.57712350000,"542","714","1324","459","831","1323","477","842","1319","435","848","1283","410","875","1285","431","879","1310","424","873","1297","473","838","1311","489","818","1307","450","858","1308","439","891","1340"
"3072",AL51-2,ALDERMAN2,CUMBERLAND,,"26",118219.77974500001,"807","890","1799","750","990","1800","784","1015","1799","744","997","1741","714","1024","1738","740","1055","1795","729","1055","1784","794","1010","1804","770","1031","1801","748","1045","1793","732","1078","1826"
"3073",G3A-2C,PEARCES MILL 2C,CUMBERLAND,,"26",55068.62159080000,"1078","620","1800","1006","725","1799","1048","748","1796","995","733","1728","960","760","1720","1025","764","1789","989","777","1766","1053","739","1792","1015","766","1781","1018","770","1788","992","808","1824"
"3074",G9A-3,HOPE MILLS 3A,CUMBERLAND,,"26",44692.90949410000,"1124","758","1981","1046","848","1974","1086","891","1977","1021","867","1888","994","903","1897","1031","920","1951","1009","920","1929","1079","879","1958","1054","902","1956","1031","922","1953","1019","969","2011"
"3075",4BR,Bay River,PAMLICO,,"69",324673.61996500002,"173","203","398","159","230","398","164","232","396","147","236","383","144","244","388","156","243","399","152","237","389","161","236","397","162","234","396","149","244","393","151","253","408"
"3076",3CH,Courthouse,PAMLICO,,"69",317785.66998499999,"676","664","1405","636","731","1401","647","753","1400","604","750","1354","566","796","1362","600","791","1391","595","787","1382","651","734","1385","623","755","1378","601","784","1385","610","801","1417"
"3077",1CR,Crossroads,PAMLICO,,"69",261830.40565800000,"288","831","1158","256","879","1153","264","888","1152","252","868","1120","225","904","1129","244","906","1150","242","903","1145","280","864","1144","281","866","1147","244","902","1146","232","929","1173"
"3078",CAPE,CAPE CARTERET/CEDAR POINT,CARTERET,,"16",84250.80922500000,"1047","1875","3113","814","2255","3144","881","2272","3153","726","2292","3018","654","2396","3050","741","2375","3116","672","2399","3071","858","2265","3123","854","2265","3119","675","2410","3085","769","2400","3199"
"3079",BOGE,BOGUE,CARTERET,,"16",133078.40661599999,"791","1569","2538","581","1899","2551","635","1928","2563","495","1935","2430","452","2024","2476","519","2004","2523","479","2025","2504","631","1915","2546","634","1893","2527","498","2022","2520","523","2052","2587"
"3080",IBPK,INDIAN BEACH/SALTER PATH/PINE KNOLL,CARTERET,,"16",139599.50455600000,"746","676","1509","594","885","1521","630","896","1526","529","941","1470","472","1011","1483","540","973","1513","505","985","1490","631","887","1518","598","905","1503","522","978","1500","563","966","1536"
"3081",ISLE,EMERALD ISLE,CARTERET,,"16",193465.99342300001,"1435","1727","3358","1183","2153","3405","1224","2183","3407","1039","2240","3279","942","2379","3321","1093","2290","3383","999","2346","3345","1259","2142","3401","1225","2156","3381","1022","2347","3369","1133","2271","3435"
"3082","150",Germanton,STOKES,,"85",115538.79724699999,"314","741","1095","237","832","1095","254","836","1090","211","846","1057","172","914","1086","204","880","1084","202","881","1083","252","840","1092","252","841","1093","212","869","1081","219","896","1120"
"3083","140",Wilson ST.,STOKES,,"85",216368.36943200001,"470","1351","1931","346","1488","1926","369","1552","1921","326","1507","1833","248","1639","1887","311","1592","1903","298","1598","1896","386","1531","1917","389","1528","1917","315","1583","1898","303","1646","1963"
"3084",123A,TRAPHILL,WILKES,,"97",265211.26748500002,"365","1248","1687","254","1395","1696","298","1383","1681","253","1389","1642","210","1453","1663","242","1431","1673","235","1432","1667","284","1406","1690","313","1364","1677","250","1425","1675","239","1470","1720"
